DATE,OPEN,HIGH,LOW,CLOSE,52W H,52W L,SYMBOL
2021-10-26,303.9,334.9,303.1,332.15,398.0,147.7,BALRAMCHIN
2021-10-25,312.4,316.0,297.6,300.8,398.0,147.7,BALRAMCHIN
2021-10-22,324.95,330.0,307.7,308.95,398.0,147.7,BALRAMCHIN
2021-10-21,347.0,350.0,322.8,324.95,398.0,147.7,BALRAMCHIN
2021-10-20,369.9,370.25,330.05,344.3,398.0,147.7,BALRAMCHIN
2021-10-19,392.5,392.7,362.75,370.05,398.0,147.7,BALRAMCHIN
2021-10-18,378.6,398.0,374.25,390.05,398.0,147.7,BALRAMCHIN
2021-10-14,386.0,387.7,376.85,378.1,395.0,147.5,BALRAMCHIN
2021-10-13,377.85,389.7,374.0,385.75,395.0,147.5,BALRAMCHIN
2021-10-12,375.95,383.0,371.25,377.85,395.0,147.5,BALRAMCHIN
2021-10-11,374.0,381.65,368.0,372.85,395.0,147.5,BALRAMCHIN
2021-10-08,377.0,388.75,366.4,372.55,395.0,147.5,BALRAMCHIN
2021-10-07,381.95,382.5,373.15,375.35,395.0,147.5,BALRAMCHIN
2021-10-06,386.0,388.3,374.0,378.75,395.0,147.5,BALRAMCHIN
2021-10-05,394.5,394.5,381.0,384.5,395.0,147.5,BALRAMCHIN
2021-10-04,370.0,395.0,370.0,392.75,395.0,147.5,BALRAMCHIN
2021-10-01,363.85,368.0,361.7,366.25,386.8,146.95,BALRAMCHIN
2021-09-30,358.0,368.15,357.8,366.5,386.8,146.95,BALRAMCHIN
2021-09-29,350.1,359.7,349.1,356.5,386.8,146.95,BALRAMCHIN
2021-09-28,356.95,357.9,350.6,352.7,386.8,146.95,BALRAMCHIN
2021-09-27,359.0,359.0,350.0,354.6,386.8,146.95,BALRAMCHIN
2021-09-24,358.0,369.6,355.45,359.9,386.8,140.0,BALRAMCHIN
2021-09-23,348.0,349.9,343.15,347.75,386.8,140.0,BALRAMCHIN
2021-09-22,346.5,349.45,343.45,345.75,386.8,140.0,BALRAMCHIN
2021-09-21,345.2,348.5,339.5,343.5,386.8,140.0,BALRAMCHIN
2021-09-20,353.0,355.4,347.0,349.4,386.8,140.0,BALRAMCHIN
2021-09-17,360.0,363.0,352.45,357.95,386.8,140.0,BALRAMCHIN
2021-09-16,361.0,366.0,357.15,358.9,386.8,140.0,BALRAMCHIN
2021-09-15,361.4,363.3,356.4,358.3,386.8,140.0,BALRAMCHIN
2021-09-14,367.3,368.55,359.0,360.1,386.8,140.0,BALRAMCHIN
2021-09-13,364.9,370.0,357.75,365.65,386.8,140.0,BALRAMCHIN
2021-09-09,356.65,366.0,355.25,364.9,386.8,140.0,BALRAMCHIN
2021-09-08,359.6,362.0,353.55,355.05,386.8,140.0,BALRAMCHIN
2021-09-07,369.3,377.5,355.1,357.75,386.8,140.0,BALRAMCHIN
2021-09-06,371.7,374.55,364.0,364.8,386.8,140.0,BALRAMCHIN
2021-09-03,371.5,372.65,366.35,370.0,386.8,140.0,BALRAMCHIN
2021-09-02,370.8,373.7,366.5,369.65,386.8,140.0,BALRAMCHIN
2021-09-01,372.0,378.4,368.6,370.4,386.8,140.0,BALRAMCHIN
2021-08-31,374.4,374.4,367.0,369.05,386.8,140.0,BALRAMCHIN
2021-08-30,371.9,377.0,367.8,368.95,386.8,140.0,BALRAMCHIN
2021-08-27,366.9,372.35,363.0,370.0,386.8,140.0,BALRAMCHIN
2021-08-26,372.5,378.95,363.75,367.9,386.8,140.0,BALRAMCHIN
2021-08-25,358.0,373.95,356.95,369.95,386.8,140.0,BALRAMCHIN
2021-08-24,356.75,365.3,350.0,358.95,386.8,140.0,BALRAMCHIN
2021-08-23,355.9,361.0,350.0,357.1,386.8,140.0,BALRAMCHIN
2021-08-20,357.55,364.0,353.3,357.15,386.8,140.0,BALRAMCHIN
2021-08-18,359.0,368.4,350.15,360.3,386.8,140.0,BALRAMCHIN
2021-08-17,351.0,362.55,350.0,360.3,386.8,140.0,BALRAMCHIN
2021-08-16,350.0,350.5,340.1,343.1,386.8,140.0,BALRAMCHIN
2021-08-13,354.9,355.0,345.75,348.45,386.8,131.15,BALRAMCHIN
2021-08-12,349.0,356.2,346.7,353.75,386.8,131.15,BALRAMCHIN
2021-08-11,345.3,352.0,338.3,346.5,386.8,131.15,BALRAMCHIN
2021-08-10,345.1,351.55,337.1,341.3,386.8,131.15,BALRAMCHIN
2021-08-09,358.0,361.4,341.05,355.0,386.8,131.15,BALRAMCHIN
2021-08-06,359.0,359.45,348.1,355.75,386.8,125.05,BALRAMCHIN
2021-08-05,347.9,359.0,335.25,353.8,386.8,125.05,BALRAMCHIN
2021-08-04,365.0,365.9,337.45,345.1,386.8,125.05,BALRAMCHIN
2021-08-03,367.8,369.9,360.0,365.55,386.8,125.05,BALRAMCHIN
2021-08-02,384.5,384.5,365.0,367.35,386.8,125.05,BALRAMCHIN
2021-07-30,376.0,384.8,370.55,381.25,386.8,124.0,BALRAMCHIN
2021-07-29,352.0,386.8,350.85,374.8,386.8,124.0,BALRAMCHIN
2021-07-28,349.0,352.9,341.3,347.6,370.0,124.0,BALRAMCHIN
2021-07-27,343.7,357.95,343.05,349.9,370.0,124.0,BALRAMCHIN
2021-07-26,344.3,348.9,338.8,340.05,370.0,124.0,BALRAMCHIN
2021-07-23,341.8,345.7,336.6,343.15,370.0,124.0,BALRAMCHIN
2021-07-22,339.5,347.5,338.75,341.4,370.0,124.0,BALRAMCHIN
2021-07-20,344.0,344.6,327.3,336.1,370.0,124.0,BALRAMCHIN
2021-07-19,343.8,354.4,340.4,344.6,370.0,124.0,BALRAMCHIN
2021-07-16,345.65,347.95,341.6,345.35,370.0,123.0,BALRAMCHIN
2021-07-15,345.0,352.0,343.0,345.6,370.0,123.0,BALRAMCHIN
2021-07-14,351.4,353.0,342.0,344.85,370.0,123.0,BALRAMCHIN
2021-07-13,344.65,358.0,341.3,350.2,370.0,123.0,BALRAMCHIN
2021-07-12,350.0,350.55,342.0,344.6,370.0,123.0,BALRAMCHIN
2021-07-09,345.0,349.9,338.55,342.65,370.0,123.0,BALRAMCHIN
2021-07-08,344.0,353.3,336.1,339.0,370.0,123.0,BALRAMCHIN
2021-07-07,345.0,346.95,333.9,344.25,370.0,123.0,BALRAMCHIN
2021-07-06,355.0,358.7,344.0,345.4,370.0,123.0,BALRAMCHIN
2021-07-05,364.1,364.65,352.0,354.25,370.0,123.0,BALRAMCHIN
2021-07-02,359.2,365.0,353.0,360.45,370.0,123.0,BALRAMCHIN
2021-07-01,359.0,363.85,350.1,356.3,370.0,123.0,BALRAMCHIN
2021-06-30,365.0,365.75,349.0,355.7,370.0,123.0,BALRAMCHIN
2021-06-29,365.0,370.0,359.0,364.25,370.0,123.0,BALRAMCHIN
2021-06-28,354.0,369.85,351.25,361.9,369.85,123.0,BALRAMCHIN
2021-06-25,355.0,363.8,346.7,351.05,363.8,123.0,BALRAMCHIN
2021-06-24,327.2,356.0,327.2,351.75,363.4,123.0,BALRAMCHIN
2021-06-23,333.0,333.3,325.1,326.9,363.4,123.0,BALRAMCHIN
2021-06-22,334.8,338.7,327.5,330.65,363.4,123.0,BALRAMCHIN
2021-06-21,315.3,333.9,315.0,331.7,363.4,123.0,BALRAMCHIN
2021-06-18,335.0,336.0,314.5,319.65,363.4,123.0,BALRAMCHIN
2021-06-17,334.95,340.85,328.55,335.1,363.4,123.0,BALRAMCHIN
2021-06-16,348.1,352.7,334.4,337.1,363.4,123.0,BALRAMCHIN
2021-06-15,358.7,360.75,345.0,348.35,363.4,123.0,BALRAMCHIN
2021-06-14,347.0,363.4,328.05,356.75,363.4,123.0,BALRAMCHIN
2021-06-11,353.6,354.65,346.55,347.8,357.7,122.4,BALRAMCHIN
2021-06-10,351.0,356.2,348.0,353.3,357.7,122.4,BALRAMCHIN
2021-06-09,348.6,357.7,341.0,348.55,357.7,122.4,BALRAMCHIN
2021-06-08,338.75,357.0,330.2,348.25,357.0,122.4,BALRAMCHIN
2021-06-07,323.5,342.75,322.3,336.75,349.15,122.4,BALRAMCHIN
2021-06-04,314.95,319.15,309.5,317.0,349.15,100.25,BALRAMCHIN
2021-06-03,323.0,325.75,311.55,312.85,349.15,100.25,BALRAMCHIN
2021-06-02,305.0,309.25,301.3,302.9,349.15,100.25,BALRAMCHIN
2021-06-01,305.05,312.0,294.4,303.7,349.15,100.25,BALRAMCHIN
2021-05-31,302.5,310.9,302.15,304.15,349.15,100.25,BALRAMCHIN
2021-05-28,309.0,309.0,296.0,296.85,349.15,92.5,BALRAMCHIN
2021-05-27,297.3,307.85,291.8,303.75,349.15,92.5,BALRAMCHIN
2021-05-26,297.6,306.5,294.65,296.35,349.15,92.5,BALRAMCHIN
2021-05-25,296.3,304.7,295.5,297.3,349.15,92.5,BALRAMCHIN
2021-05-24,303.0,303.1,291.05,293.6,349.15,92.5,BALRAMCHIN
2021-05-21,307.95,311.8,302.0,303.1,349.15,83.65,BALRAMCHIN
2021-05-20,321.05,321.9,310.6,313.5,349.15,83.65,BALRAMCHIN
2021-05-19,312.5,329.9,311.4,323.25,349.15,83.65,BALRAMCHIN
2021-05-18,315.5,318.8,305.75,312.2,349.15,83.65,BALRAMCHIN
2021-05-17,301.0,322.5,293.1,314.15,349.15,83.65,BALRAMCHIN
2021-05-14,318.65,320.7,292.1,301.15,349.15,83.65,BALRAMCHIN
2021-05-12,329.7,333.0,302.1,315.6,349.15,83.65,BALRAMCHIN
2021-05-11,332.5,344.0,324.0,326.15,349.15,83.65,BALRAMCHIN
2021-05-10,320.4,349.15,318.7,334.2,349.15,83.65,BALRAMCHIN
2021-05-07,324.0,328.85,312.0,317.05,344.8,83.65,BALRAMCHIN
2021-05-06,319.95,320.8,303.35,311.0,344.8,83.65,BALRAMCHIN
2021-05-05,304.9,324.9,303.2,318.35,344.8,83.65,BALRAMCHIN
2021-05-04,327.5,344.8,297.0,298.95,344.8,83.65,BALRAMCHIN
2021-05-03,278.55,328.9,276.4,324.05,328.9,83.65,BALRAMCHIN
2021-04-30,270.0,285.95,268.55,279.25,285.95,83.65,BALRAMCHIN
2021-04-29,269.7,277.0,262.1,274.35,278.7,83.65,BALRAMCHIN
2021-04-28,261.5,272.9,261.5,267.6,278.7,83.65,BALRAMCHIN
2021-04-27,263.0,265.8,257.2,258.45,278.7,83.65,BALRAMCHIN
2021-04-26,268.6,272.9,262.15,263.55,278.7,83.65,BALRAMCHIN
2021-04-23,268.0,278.7,264.0,266.0,278.7,83.65,BALRAMCHIN
2021-04-22,250.0,273.15,247.6,267.65,273.15,83.65,BALRAMCHIN
2021-04-20,250.0,256.7,246.2,250.45,272.0,83.65,BALRAMCHIN
2021-04-19,248.0,259.4,243.15,247.3,272.0,83.65,BALRAMCHIN
2021-04-16,261.9,265.8,251.25,256.75,272.0,83.65,BALRAMCHIN
2021-04-15,236.0,272.0,232.6,261.2,272.0,83.65,BALRAMCHIN
2021-04-13,227.0,241.6,219.25,237.6,248.45,83.65,BALRAMCHIN
2021-04-12,234.55,239.35,222.2,226.95,248.45,83.65,BALRAMCHIN
2021-04-09,244.0,248.45,232.15,234.3,248.45,83.65,BALRAMCHIN
2021-04-08,214.85,242.0,214.55,235.5,242.0,83.65,BALRAMCHIN
2021-04-07,211.45,215.65,209.1,214.45,227.0,83.65,BALRAMCHIN
2021-04-06,209.25,213.5,207.4,211.1,227.0,83.65,BALRAMCHIN
2021-04-05,212.2,213.9,197.0,207.2,227.0,83.65,BALRAMCHIN
2021-04-01,218.5,218.9,212.5,214.1,227.0,83.65,BALRAMCHIN
2021-03-31,205.4,219.2,204.35,214.5,227.0,83.65,BALRAMCHIN
2021-03-30,213.0,214.35,204.0,206.15,227.0,83.65,BALRAMCHIN
2021-03-26,207.85,214.6,206.5,212.6,227.0,68.95,BALRAMCHIN
2021-03-25,218.0,222.4,202.1,206.5,227.0,68.95,BALRAMCHIN
2021-03-24,208.8,219.4,207.4,216.3,227.0,68.95,BALRAMCHIN
2021-03-23,205.0,214.55,204.25,208.55,227.0,68.95,BALRAMCHIN
2021-03-22,202.2,207.3,198.1,204.2,227.0,68.95,BALRAMCHIN
2021-03-19,198.5,203.4,190.15,202.25,227.0,68.95,BALRAMCHIN
2021-03-18,198.0,205.9,198.0,201.4,227.0,68.95,BALRAMCHIN
2021-03-17,206.15,206.75,194.1,196.05,227.0,68.95,BALRAMCHIN
2021-03-16,211.0,214.15,201.0,203.2,227.0,68.95,BALRAMCHIN
2021-03-15,221.25,221.25,208.0,210.75,227.0,68.95,BALRAMCHIN
2021-03-12,221.7,227.0,218.0,220.1,227.0,68.95,BALRAMCHIN
2021-03-10,220.0,222.45,212.3,220.7,224.9,68.95,BALRAMCHIN
2021-03-09,217.0,224.9,214.4,218.05,224.9,68.95,BALRAMCHIN
2021-03-08,204.35,217.0,202.25,213.8,224.8,68.95,BALRAMCHIN
2021-03-05,215.0,224.8,198.35,201.5,224.8,68.95,BALRAMCHIN
2021-03-04,190.0,213.35,187.6,209.05,213.35,68.95,BALRAMCHIN
2021-03-03,190.0,198.15,188.65,192.8,198.15,68.95,BALRAMCHIN
2021-03-02,182.2,193.3,181.55,189.1,193.3,68.95,BALRAMCHIN
2021-03-01,177.25,184.4,175.95,181.4,187.9,68.95,BALRAMCHIN
2021-02-26,175.9,183.3,174.9,177.1,187.9,68.95,BALRAMCHIN
2021-02-25,179.4,182.0,177.0,177.2,187.9,68.95,BALRAMCHIN
2021-02-24,180.5,181.25,172.7,178.25,187.9,68.95,BALRAMCHIN
2021-02-23,173.0,182.0,168.6,179.4,187.9,68.95,BALRAMCHIN
2021-02-22,169.7,170.3,165.7,168.05,187.9,68.95,BALRAMCHIN
2021-02-19,173.95,175.3,165.75,169.7,187.9,68.95,BALRAMCHIN
2021-02-18,160.95,179.0,160.5,173.95,187.9,68.95,BALRAMCHIN
2021-02-17,157.75,160.3,157.0,159.65,187.9,68.95,BALRAMCHIN
2021-02-16,157.65,158.9,157.0,157.45,187.9,68.95,BALRAMCHIN
2021-02-15,159.85,161.0,157.0,157.1,187.9,68.95,BALRAMCHIN
2021-02-12,160.2,162.3,157.0,158.25,187.9,68.95,BALRAMCHIN
2021-02-11,158.4,162.8,157.75,158.95,187.9,68.95,BALRAMCHIN
2021-02-10,160.95,162.45,157.1,158.95,187.9,68.95,BALRAMCHIN
2021-02-09,161.3,162.1,159.15,160.1,187.9,68.95,BALRAMCHIN
2021-02-08,162.0,164.9,159.05,160.05,187.9,68.95,BALRAMCHIN
2021-02-05,163.3,167.5,158.2,159.85,187.9,68.95,BALRAMCHIN
2021-02-04,158.75,163.4,158.65,161.85,187.9,68.95,BALRAMCHIN
2021-02-03,164.9,165.85,157.05,157.5,187.9,68.95,BALRAMCHIN
2021-02-02,179.2,182.75,163.2,164.65,187.9,68.95,BALRAMCHIN
2021-02-01,171.25,180.0,165.5,177.1,187.9,68.95,BALRAMCHIN
2021-01-29,172.8,174.2,170.0,171.25,187.9,68.95,BALRAMCHIN
2021-01-28,172.9,175.9,169.45,170.9,187.9,68.95,BALRAMCHIN
2021-01-27,176.95,176.95,172.5,174.15,187.9,68.95,BALRAMCHIN
2021-01-25,179.95,181.3,176.0,177.4,187.9,68.95,BALRAMCHIN
2021-01-22,179.3,183.9,175.45,178.55,192.8,68.95,BALRAMCHIN
2021-01-21,182.0,184.75,181.55,182.2,192.8,68.95,BALRAMCHIN
2021-01-20,182.15,185.3,180.1,181.35,192.8,68.95,BALRAMCHIN
2021-01-19,180.25,184.95,180.05,182.2,192.8,68.95,BALRAMCHIN
2021-01-18,179.35,180.9,172.4,179.05,192.8,68.95,BALRAMCHIN
2021-01-15,184.0,185.5,180.15,181.15,194.9,68.95,BALRAMCHIN
2021-01-14,183.45,187.9,181.1,182.2,194.9,68.95,BALRAMCHIN
2021-01-13,184.0,186.5,181.75,183.3,194.9,68.95,BALRAMCHIN
2021-01-12,178.0,183.9,178.0,183.2,194.9,68.95,BALRAMCHIN
2021-01-11,173.8,178.4,172.0,177.7,194.9,68.95,BALRAMCHIN
2021-01-08,175.0,177.0,170.4,172.0,195.0,68.95,BALRAMCHIN
2021-01-07,175.8,178.0,171.75,172.75,195.0,68.95,BALRAMCHIN
2021-01-06,170.2,176.2,169.75,174.2,195.0,68.95,BALRAMCHIN
2021-01-05,169.8,171.15,168.75,169.4,195.0,68.95,BALRAMCHIN
2021-01-04,171.55,173.4,169.1,170.6,195.0,68.95,BALRAMCHIN
2021-01-01,173.0,173.4,170.55,171.5,195.0,68.95,BALRAMCHIN
2020-12-31,170.5,172.4,169.5,172.0,195.0,68.95,BALRAMCHIN
2020-12-30,171.3,172.9,168.5,169.85,195.0,68.95,BALRAMCHIN
2020-12-29,172.5,173.45,167.65,169.9,195.0,68.95,BALRAMCHIN
2020-12-28,175.3,176.9,171.2,171.9,195.0,68.95,BALRAMCHIN
2020-12-24,177.7,179.6,172.15,175.3,195.0,68.95,BALRAMCHIN
2020-12-23,168.7,177.0,167.85,176.1,195.0,68.95,BALRAMCHIN
2020-12-22,159.5,169.9,155.55,168.05,195.0,68.95,BALRAMCHIN
2020-12-21,175.0,176.4,156.1,162.0,195.0,68.95,BALRAMCHIN
2020-12-18,178.85,178.9,172.95,173.9,195.0,68.95,BALRAMCHIN
2020-12-17,181.8,185.0,177.1,178.5,195.0,68.95,BALRAMCHIN
2020-12-16,184.5,185.8,175.0,177.15,195.0,68.95,BALRAMCHIN
2020-12-15,177.0,183.6,173.0,182.15,195.0,68.95,BALRAMCHIN
2020-12-14,173.45,177.95,173.35,176.65,195.0,68.95,BALRAMCHIN
2020-12-11,170.0,174.15,169.5,172.7,195.0,68.95,BALRAMCHIN
2020-12-10,165.95,170.2,160.75,169.05,195.0,68.95,BALRAMCHIN
2020-12-09,163.3,167.8,159.15,166.15,195.0,68.95,BALRAMCHIN
2020-12-08,166.1,167.25,159.45,162.2,195.0,68.95,BALRAMCHIN
2020-12-07,167.5,167.5,164.25,165.65,195.0,68.95,BALRAMCHIN
2020-12-04,163.1,169.15,163.1,166.45,195.0,68.95,BALRAMCHIN
2020-12-03,168.95,169.1,164.0,164.85,195.0,68.95,BALRAMCHIN
2020-12-02,173.0,173.0,166.95,168.25,195.0,68.95,BALRAMCHIN
2020-12-01,167.4,174.65,165.75,174.15,195.0,68.95,BALRAMCHIN
2020-11-27,161.5,167.0,160.65,164.6,195.0,68.95,BALRAMCHIN
2020-11-26,157.1,164.7,156.0,161.55,195.0,68.95,BALRAMCHIN
2020-11-25,155.6,159.8,153.5,154.1,195.0,68.95,BALRAMCHIN
2020-11-24,157.1,157.75,153.35,155.1,195.0,68.95,BALRAMCHIN
2020-11-23,154.0,156.25,153.5,155.6,195.0,68.95,BALRAMCHIN
2020-11-20,149.55,153.5,148.5,151.95,195.0,68.95,BALRAMCHIN
2020-11-19,149.85,151.0,148.55,149.0,195.0,68.95,BALRAMCHIN
2020-11-18,153.25,154.95,149.4,150.2,195.0,68.95,BALRAMCHIN
2020-11-17,151.95,155.6,151.5,153.2,195.0,68.95,BALRAMCHIN
2020-11-14,150.2,151.4,150.2,150.8,195.0,68.95,BALRAMCHIN
2020-11-13,149.65,149.95,148.5,149.3,195.0,68.95,BALRAMCHIN
2020-11-12,150.65,151.2,148.1,149.1,195.0,68.95,BALRAMCHIN
2020-11-11,149.4,150.45,147.8,150.0,195.0,68.95,BALRAMCHIN
2020-11-10,150.4,151.4,148.0,148.7,195.0,68.95,BALRAMCHIN
2020-11-09,152.25,153.1,148.8,149.85,195.0,68.95,BALRAMCHIN
2020-11-06,150.5,152.55,148.55,149.7,195.0,68.95,BALRAMCHIN
2020-11-05,150.3,152.6,148.3,149.95,195.0,68.95,BALRAMCHIN
2020-11-04,151.85,153.95,147.7,149.65,195.0,68.95,BALRAMCHIN
2020-11-03,154.95,155.7,149.55,151.0,195.0,68.95,BALRAMCHIN
2020-11-02,159.2,160.0,152.2,153.95,195.0,68.95,BALRAMCHIN
2020-10-30,164.9,167.9,159.1,160.4,195.0,68.95,BALRAMCHIN
2020-10-29,160.0,167.0,157.1,164.45,195.0,68.95,BALRAMCHIN
2020-10-28,162.25,169.8,160.5,162.2,195.0,68.95,BALRAMCHIN
2020-10-27,159.5,163.0,158.1,161.7,195.0,68.95,BALRAMCHIN
2020-10-26,160.4,163.45,158.5,161.05,195.0,68.95,BALRAMCHIN
2020-10-23,158.15,161.0,157.1,159.1,195.0,68.95,BALRAMCHIN
2020-10-22,158.2,159.4,155.7,156.9,195.0,68.95,BALRAMCHIN
2020-10-21,164.0,164.5,157.35,158.2,195.0,68.95,BALRAMCHIN
2020-10-20,153.75,164.85,152.55,162.75,195.0,68.95,BALRAMCHIN
2020-10-19,152.7,154.7,152.7,154.0,195.0,68.95,BALRAMCHIN
2020-10-16,151.0,153.0,147.5,152.6,195.0,68.95,BALRAMCHIN
2020-10-15,158.4,158.4,148.5,149.65,195.0,68.95,BALRAMCHIN
2020-10-14,157.15,158.4,154.5,157.35,195.0,68.95,BALRAMCHIN
2020-10-13,154.9,158.3,154.0,156.8,195.0,68.95,BALRAMCHIN
2020-10-12,160.0,161.65,153.5,155.5,195.0,68.95,BALRAMCHIN
2020-10-09,161.8,163.8,157.05,157.95,195.0,68.95,BALRAMCHIN
2020-10-08,153.0,162.35,153.0,161.25,195.0,68.95,BALRAMCHIN
2020-10-07,149.25,154.9,148.35,152.95,195.0,68.95,BALRAMCHIN
2020-10-06,155.0,155.75,149.7,150.3,195.0,68.95,BALRAMCHIN
2020-10-05,152.55,156.6,152.15,153.25,195.0,68.95,BALRAMCHIN
2020-10-01,156.5,156.5,151.5,152.15,195.0,68.95,BALRAMCHIN
2020-09-30,150.1,156.5,150.1,155.2,195.0,68.95,BALRAMCHIN
2020-09-29,151.9,152.2,147.0,149.35,195.0,68.95,BALRAMCHIN
2020-09-28,147.35,152.25,146.95,150.9,195.0,68.95,BALRAMCHIN
2020-09-25,142.05,148.6,142.0,146.05,195.0,68.95,BALRAMCHIN
2020-09-24,144.95,144.95,140.0,140.75,195.0,68.95,BALRAMCHIN
2020-09-23,152.0,153.65,144.05,146.35,195.0,68.95,BALRAMCHIN
2020-09-22,149.15,154.6,141.15,152.25,195.0,68.95,BALRAMCHIN
2020-09-21,159.9,160.45,148.1,149.85,195.0,68.95,BALRAMCHIN
2020-09-18,159.75,161.6,158.65,160.4,195.0,68.95,BALRAMCHIN
2020-09-17,155.35,161.9,153.35,158.9,195.0,68.95,BALRAMCHIN
2020-09-16,156.95,157.75,154.05,155.3,195.0,68.95,BALRAMCHIN
2020-09-15,154.55,157.8,152.35,156.8,195.0,68.95,BALRAMCHIN
2020-09-14,149.9,153.5,148.2,150.35,195.0,68.95,BALRAMCHIN
2020-09-11,144.85,149.05,144.85,147.05,195.0,68.95,BALRAMCHIN
2020-09-10,144.75,147.55,144.2,144.85,195.0,68.95,BALRAMCHIN
2020-09-09,147.45,148.2,141.6,143.95,195.0,68.95,BALRAMCHIN
2020-09-08,154.8,154.95,147.0,149.25,195.0,68.95,BALRAMCHIN
2020-09-07,154.45,155.4,151.2,152.1,195.0,68.95,BALRAMCHIN
2020-09-04,155.0,159.2,152.7,154.6,195.0,68.95,BALRAMCHIN
2020-09-03,160.0,162.45,157.7,159.2,195.0,68.95,BALRAMCHIN
2020-09-02,156.65,159.4,153.15,156.3,195.0,68.95,BALRAMCHIN
2020-09-01,147.6,158.8,143.0,155.25,195.0,68.95,BALRAMCHIN
2020-08-31,155.4,156.3,146.65,147.45,195.0,68.95,BALRAMCHIN
2020-08-28,159.05,159.5,155.0,155.4,195.0,68.95,BALRAMCHIN
2020-08-27,158.05,161.3,154.55,158.8,195.0,68.95,BALRAMCHIN
2020-08-26,161.55,161.55,153.55,158.05,195.0,68.95,BALRAMCHIN
2020-08-25,164.9,164.9,159.0,160.95,195.0,68.95,BALRAMCHIN
2020-08-24,160.3,165.4,159.5,164.15,195.0,68.95,BALRAMCHIN
2020-08-21,148.75,159.65,147.95,158.35,195.0,68.95,BALRAMCHIN
2020-08-20,148.0,149.85,145.8,147.85,195.0,68.95,BALRAMCHIN
2020-08-19,151.25,152.95,146.2,149.7,195.0,68.95,BALRAMCHIN
2020-08-18,148.1,155.0,148.1,150.95,195.0,68.95,BALRAMCHIN
2020-08-17,143.0,149.0,142.0,147.15,195.0,68.95,BALRAMCHIN
2020-08-14,142.0,144.8,140.4,142.2,195.0,68.95,BALRAMCHIN
2020-08-13,143.0,145.1,140.25,140.7,195.0,68.95,BALRAMCHIN
2020-08-12,140.5,145.9,138.5,142.25,195.0,68.95,BALRAMCHIN
2020-08-11,148.0,148.8,140.15,142.0,195.0,68.95,BALRAMCHIN
2020-08-10,132.5,138.25,131.15,136.6,195.0,68.95,BALRAMCHIN
2020-08-07,127.0,132.35,127.0,130.2,195.0,68.95,BALRAMCHIN
2020-08-06,127.05,129.9,127.0,127.45,195.0,68.95,BALRAMCHIN
2020-08-05,125.05,128.9,125.05,127.15,195.0,68.95,BALRAMCHIN
2020-08-04,126.0,128.75,125.95,126.65,195.0,68.95,BALRAMCHIN
2020-08-03,126.9,129.35,126.7,128.3,195.0,68.95,BALRAMCHIN
2020-07-31,127.15,128.45,125.05,125.5,195.0,68.95,BALRAMCHIN
2020-07-30,127.6,129.5,126.2,128.15,195.0,68.95,BALRAMCHIN
2020-07-29,129.4,129.75,127.05,127.55,195.0,68.95,BALRAMCHIN
2020-07-28,127.55,130.2,127.55,128.95,195.0,68.95,BALRAMCHIN
2020-07-27,126.95,129.0,124.0,126.7,195.0,68.95,BALRAMCHIN
2020-07-24,126.4,127.0,125.55,126.2,195.0,68.95,BALRAMCHIN
2020-07-23,128.6,129.7,126.6,126.95,195.0,68.95,BALRAMCHIN
2020-07-21,126.0,126.25,124.2,124.8,195.0,68.95,BALRAMCHIN
2020-07-20,125.4,126.6,125.0,125.9,195.0,68.95,BALRAMCHIN
2020-07-17,126.0,127.4,124.0,124.25,195.0,68.95,BALRAMCHIN
2020-07-16,126.0,128.9,124.1,126.0,195.0,68.95,BALRAMCHIN
2020-07-15,129.5,129.5,124.0,124.8,195.0,68.95,BALRAMCHIN
2020-07-14,125.95,131.0,123.0,129.6,195.0,68.95,BALRAMCHIN
2020-07-13,129.75,129.8,125.65,126.15,195.0,68.95,BALRAMCHIN
2020-07-10,128.4,130.15,126.25,128.7,195.0,68.95,BALRAMCHIN
2020-07-09,130.3,131.5,127.5,127.9,195.0,68.95,BALRAMCHIN
2020-07-08,133.3,135.45,129.4,129.85,195.0,68.95,BALRAMCHIN
2020-07-07,136.0,136.05,131.7,133.1,195.0,68.95,BALRAMCHIN
2020-07-06,131.8,142.0,130.7,136.1,195.0,68.95,BALRAMCHIN
2020-07-03,131.4,132.5,129.0,131.65,195.0,68.95,BALRAMCHIN
2020-07-02,127.9,132.0,126.45,131.55,195.0,68.95,BALRAMCHIN
2020-07-01,135.2,136.8,133.1,133.55,195.0,68.95,BALRAMCHIN
2020-06-30,136.9,137.7,131.5,134.05,195.0,68.95,BALRAMCHIN
2020-06-29,132.0,135.7,132.0,134.9,195.0,68.95,BALRAMCHIN
2020-06-26,130.0,133.45,129.8,131.3,195.0,68.95,BALRAMCHIN
2020-06-25,130.4,131.6,127.15,128.1,195.0,68.95,BALRAMCHIN
2020-06-24,141.0,141.0,129.1,130.0,195.0,68.95,BALRAMCHIN
2020-06-23,133.3,135.3,132.6,134.85,195.0,68.95,BALRAMCHIN
2020-06-22,131.65,134.25,130.7,131.45,195.0,68.95,BALRAMCHIN
2020-06-19,132.45,135.25,130.2,130.6,195.0,68.95,BALRAMCHIN
2020-06-18,125.0,130.8,124.75,128.9,195.0,68.95,BALRAMCHIN
2020-06-17,126.7,128.95,124.15,125.2,195.0,68.95,BALRAMCHIN
2020-06-16,136.5,137.25,125.55,127.8,195.0,68.95,BALRAMCHIN
2020-06-15,134.0,138.6,130.2,134.4,195.0,68.95,BALRAMCHIN
2020-06-12,125.0,134.9,124.55,134.05,195.0,68.95,BALRAMCHIN
2020-06-11,140.0,141.7,132.2,134.3,195.0,68.95,BALRAMCHIN
2020-06-10,125.15,133.2,123.3,131.55,195.0,68.95,BALRAMCHIN
2020-06-09,128.0,130.45,122.4,124.5,195.0,68.95,BALRAMCHIN
2020-06-08,131.0,132.95,123.1,125.7,195.0,68.95,BALRAMCHIN
2020-06-05,118.6,129.7,118.0,123.95,195.0,68.95,BALRAMCHIN
2020-06-04,109.7,112.1,108.5,112.1,195.0,68.95,BALRAMCHIN
2020-06-03,106.2,109.4,105.0,106.8,195.0,68.95,BALRAMCHIN
2020-06-02,105.45,106.5,102.7,104.2,195.0,68.95,BALRAMCHIN
2020-06-01,100.25,104.7,100.25,104.7,195.0,68.95,BALRAMCHIN
2020-05-29,99.0,100.5,98.0,99.75,195.0,68.95,BALRAMCHIN
2020-05-28,99.95,101.65,98.05,99.1,195.0,68.95,BALRAMCHIN
2020-05-27,96.7,99.6,95.7,99.55,195.0,68.95,BALRAMCHIN
2020-05-26,97.0,97.35,92.5,94.9,195.0,68.95,BALRAMCHIN
2020-05-22,93.9,93.9,91.0,93.9,195.0,68.95,BALRAMCHIN
2020-05-21,86.35,89.45,86.0,89.45,195.0,68.95,BALRAMCHIN
2020-05-20,84.15,86.0,83.65,85.2,195.0,68.95,BALRAMCHIN
2020-05-19,87.8,88.45,84.1,84.55,195.0,68.95,BALRAMCHIN
2020-05-18,91.5,91.7,86.4,86.4,195.0,68.95,BALRAMCHIN
2020-05-15,92.0,92.7,90.5,90.9,195.0,68.95,BALRAMCHIN
2020-05-14,92.65,93.85,90.9,91.15,195.0,68.95,BALRAMCHIN
2020-05-13,96.0,96.0,92.7,93.75,195.0,68.95,BALRAMCHIN
2020-05-12,95.1,95.25,92.35,92.8,195.0,68.95,BALRAMCHIN
2020-05-11,96.0,98.25,94.0,95.1,195.0,68.95,BALRAMCHIN
2020-05-08,100.85,100.85,95.0,95.65,195.0,68.95,BALRAMCHIN
2020-05-07,100.6,101.5,97.45,98.05,195.0,68.95,BALRAMCHIN
2020-05-06,93.6,97.35,92.5,97.35,195.0,68.95,BALRAMCHIN
2020-05-05,95.0,96.95,92.5,92.75,195.0,68.95,BALRAMCHIN
2020-05-04,98.8,98.8,94.2,94.75,195.0,68.95,BALRAMCHIN
2020-04-30,99.2,101.75,99.0,99.15,195.0,68.95,BALRAMCHIN
2020-04-29,99.65,100.45,98.0,98.35,195.0,68.95,BALRAMCHIN
2020-04-28,101.4,101.9,98.4,98.8,195.0,68.95,BALRAMCHIN
2020-04-27,99.25,102.35,99.0,100.4,195.0,68.95,BALRAMCHIN
2020-04-24,101.0,101.1,98.05,98.35,195.0,68.95,BALRAMCHIN
2020-04-23,101.5,103.2,99.0,100.9,195.0,68.95,BALRAMCHIN
2020-04-22,99.05,103.0,97.45,100.95,195.0,68.95,BALRAMCHIN
2020-04-21,105.0,108.2,99.3,100.25,195.0,68.95,BALRAMCHIN
2020-04-20,108.6,108.6,103.2,103.75,195.0,68.95,BALRAMCHIN
2020-04-17,108.5,110.5,103.5,107.85,195.0,68.95,BALRAMCHIN
2020-04-16,106.55,108.0,105.5,105.5,195.0,68.95,BALRAMCHIN
2020-04-15,112.1,116.3,111.05,111.05,195.0,68.95,BALRAMCHIN
2020-04-13,120.95,120.95,116.85,116.85,195.0,68.95,BALRAMCHIN
2020-04-09,132.7,132.7,121.1,123.0,195.0,68.95,BALRAMCHIN
2020-04-08,123.85,126.4,123.0,126.4,195.0,68.95,BALRAMCHIN
2020-04-07,120.4,120.4,117.0,120.4,195.0,68.95,BALRAMCHIN
2020-04-03,114.7,114.7,104.15,114.7,195.0,68.95,BALRAMCHIN
2020-04-01,109.25,109.25,109.25,109.25,195.0,68.95,BALRAMCHIN
2020-03-31,104.05,104.05,104.05,104.05,195.0,68.95,BALRAMCHIN
2020-03-30,93.7,99.2,89.95,99.1,195.0,68.95,BALRAMCHIN
2020-03-27,90.2,90.2,89.05,90.2,195.0,68.95,BALRAMCHIN
2020-03-26,76.65,82.0,74.5,82.0,195.0,68.95,BALRAMCHIN
2020-03-25,73.0,76.9,69.55,74.55,195.0,68.95,BALRAMCHIN
2020-03-24,78.5,84.25,68.95,72.75,195.0,68.95,BALRAMCHIN
2020-03-23,85.0,85.0,75.5,76.6,195.0,75.5,BALRAMCHIN
2020-03-20,87.8,91.0,86.1,89.4,195.0,84.0,BALRAMCHIN
2020-03-19,85.0,90.0,84.0,85.15,195.0,84.0,BALRAMCHIN
2020-03-18,102.2,103.7,85.5,91.3,195.0,85.5,BALRAMCHIN
2020-03-17,105.1,108.45,100.3,102.1,195.0,86.15,BALRAMCHIN
2020-03-16,111.7,111.7,103.45,104.7,195.0,86.15,BALRAMCHIN
2020-03-13,90.0,118.4,86.15,115.6,195.0,86.15,BALRAMCHIN
2020-03-12,111.8,114.25,100.5,102.95,195.0,100.5,BALRAMCHIN
2020-03-11,123.25,126.95,120.2,121.45,195.0,109.55,BALRAMCHIN
2020-03-09,126.9,128.6,116.2,123.15,195.0,109.55,BALRAMCHIN
2020-03-06,129.5,135.0,127.5,132.8,195.0,109.55,BALRAMCHIN
2020-03-05,142.4,142.85,135.05,136.1,195.0,109.55,BALRAMCHIN
2020-03-04,144.7,144.7,124.0,139.55,195.0,109.55,BALRAMCHIN
2020-03-03,146.95,147.5,141.15,142.85,195.0,109.55,BALRAMCHIN
2020-03-02,144.15,147.95,140.0,142.45,195.0,109.55,BALRAMCHIN
2020-02-28,142.0,146.9,137.0,142.8,195.0,109.55,BALRAMCHIN
2020-02-27,150.4,150.9,145.85,146.6,195.0,109.55,BALRAMCHIN
2020-02-26,158.0,158.0,150.85,151.6,195.0,109.55,BALRAMCHIN
2020-02-25,162.05,162.45,157.25,159.35,195.0,109.55,BALRAMCHIN
2020-02-24,162.2,163.5,160.0,160.65,195.0,109.55,BALRAMCHIN
2020-02-20,164.0,167.3,164.0,164.65,195.0,109.55,BALRAMCHIN
2020-02-19,165.9,167.8,163.65,164.25,195.0,109.55,BALRAMCHIN
2020-02-18,169.9,171.3,160.85,163.25,195.0,109.55,BALRAMCHIN
2020-02-17,174.1,177.4,170.7,171.85,195.0,109.55,BALRAMCHIN
2020-02-14,171.7,171.7,168.0,169.4,195.0,106.05,BALRAMCHIN
2020-02-13,173.95,173.95,169.5,170.85,195.0,106.05,BALRAMCHIN
2020-02-12,160.0,175.75,159.55,173.85,195.0,106.05,BALRAMCHIN
2020-02-11,161.0,161.4,156.2,159.1,195.0,106.05,BALRAMCHIN
2020-02-10,169.0,169.0,160.3,163.0,195.0,106.05,BALRAMCHIN
2020-02-07,169.0,170.9,164.05,169.65,195.0,101.15,BALRAMCHIN
2020-02-06,158.0,168.95,157.05,168.4,195.0,101.15,BALRAMCHIN
2020-02-05,157.5,159.9,153.55,156.8,195.0,101.15,BALRAMCHIN
2020-02-04,158.65,161.95,156.25,157.15,195.0,101.15,BALRAMCHIN
2020-02-03,160.0,164.95,152.25,156.85,195.0,101.15,BALRAMCHIN
2020-02-01,165.85,170.8,162.25,163.4,195.0,98.1,BALRAMCHIN
2020-01-31,170.3,171.4,165.3,166.2,195.0,98.1,BALRAMCHIN
2020-01-30,175.0,175.25,167.6,170.45,195.0,98.1,BALRAMCHIN
2020-01-29,168.4,175.8,168.4,174.5,195.0,98.1,BALRAMCHIN
2020-01-28,172.5,175.75,166.7,167.4,195.0,98.1,BALRAMCHIN
2020-01-27,177.05,179.8,170.0,172.5,195.0,98.1,BALRAMCHIN
2020-01-24,183.5,183.7,175.9,176.9,195.0,98.1,BALRAMCHIN
2020-01-23,185.0,185.6,182.0,183.15,195.0,98.1,BALRAMCHIN
2020-01-22,185.0,186.4,183.15,184.75,195.0,98.1,BALRAMCHIN
2020-01-21,184.0,187.4,183.0,183.5,195.0,98.1,BALRAMCHIN
2020-01-20,192.8,192.8,186.0,186.55,195.0,98.1,BALRAMCHIN
2020-01-17,192.95,194.8,191.5,192.0,195.0,98.1,BALRAMCHIN
2020-01-16,190.0,194.9,189.5,192.95,195.0,98.1,BALRAMCHIN
2020-01-15,190.0,191.45,187.85,188.8,195.0,98.1,BALRAMCHIN
2020-01-14,192.4,194.6,189.6,190.4,195.0,98.1,BALRAMCHIN
2020-01-13,185.9,193.15,185.55,191.2,195.0,98.1,BALRAMCHIN
2020-01-10,186.0,187.5,182.6,184.35,195.0,98.1,BALRAMCHIN
2020-01-09,185.65,188.0,184.5,185.25,195.0,98.1,BALRAMCHIN
2020-01-08,183.0,187.8,180.5,183.95,195.0,98.1,BALRAMCHIN
2020-01-07,190.0,195.0,183.7,186.2,195.0,98.1,BALRAMCHIN
2020-01-06,183.5,186.4,178.25,182.55,188.9,98.1,BALRAMCHIN
2020-01-03,185.7,188.2,183.0,184.7,188.9,98.1,BALRAMCHIN
2020-01-02,187.25,188.9,185.0,185.25,188.9,98.1,BALRAMCHIN
2020-01-01,184.2,188.15,181.7,187.2,188.15,98.1,BALRAMCHIN
2019-12-31,182.8,185.65,181.45,183.4,187.0,98.1,BALRAMCHIN
2019-12-30,184.95,187.0,182.5,183.35,187.0,98.1,BALRAMCHIN
2019-12-27,176.0,185.0,175.1,184.25,185.0,98.1,BALRAMCHIN
2019-12-26,173.4,177.4,171.75,175.3,177.9,98.1,BALRAMCHIN
2019-12-24,175.0,176.9,173.1,173.8,177.9,98.1,BALRAMCHIN
2019-12-23,174.2,175.95,173.0,175.25,177.9,98.1,BALRAMCHIN
2019-12-20,177.15,177.65,172.1,174.35,177.9,98.1,BALRAMCHIN
2019-12-19,173.3,177.9,172.0,176.25,177.9,98.1,BALRAMCHIN
2019-12-18,173.3,175.8,172.55,173.7,175.8,98.1,BALRAMCHIN
2019-12-17,170.05,172.9,168.0,170.1,173.9,98.1,BALRAMCHIN
2019-12-16,171.3,173.0,168.5,170.0,173.9,98.1,BALRAMCHIN
2019-12-13,164.45,171.9,163.0,170.7,173.9,96.05,BALRAMCHIN
2019-12-12,164.3,164.8,162.65,163.6,173.9,96.05,BALRAMCHIN
2019-12-11,165.0,165.8,161.0,162.9,173.9,96.05,BALRAMCHIN
2019-12-10,164.2,166.7,162.95,164.65,173.9,96.05,BALRAMCHIN
2019-12-09,164.45,167.5,159.25,164.6,173.9,96.05,BALRAMCHIN
2019-12-06,166.0,166.7,159.0,163.7,173.9,96.05,BALRAMCHIN
2019-12-05,161.8,167.4,161.2,165.7,173.9,96.05,BALRAMCHIN
2019-12-04,153.8,161.5,153.8,160.35,173.9,96.05,BALRAMCHIN
2019-12-03,155.35,156.0,153.5,155.15,173.9,96.05,BALRAMCHIN
2019-12-02,154.0,156.7,152.6,155.35,173.9,96.05,BALRAMCHIN
2019-11-29,148.95,154.0,147.45,153.0,173.9,96.05,BALRAMCHIN
2019-11-28,148.0,151.3,147.15,149.1,173.9,96.05,BALRAMCHIN
2019-11-27,149.35,149.4,146.95,148.05,173.9,96.05,BALRAMCHIN
2019-11-26,145.55,149.95,144.35,148.65,173.9,96.05,BALRAMCHIN
2019-11-25,143.5,145.0,142.6,144.5,173.9,96.05,BALRAMCHIN
2019-11-22,145.5,146.55,141.4,142.4,173.9,96.05,BALRAMCHIN
2019-11-21,143.1,147.15,143.1,146.05,173.9,96.05,BALRAMCHIN
2019-11-20,146.4,147.9,144.6,146.8,173.9,96.05,BALRAMCHIN
2019-11-19,143.7,147.1,142.25,145.6,173.9,96.05,BALRAMCHIN
2019-11-18,148.5,149.4,142.4,143.1,173.9,96.05,BALRAMCHIN
2019-11-15,147.0,149.85,146.35,147.7,173.9,96.05,BALRAMCHIN
2019-11-14,145.0,147.5,144.0,146.75,173.9,96.05,BALRAMCHIN
2019-11-13,149.0,149.05,142.7,144.3,173.9,96.05,BALRAMCHIN
2019-11-11,148.8,152.6,148.25,149.85,173.9,96.05,BALRAMCHIN
2019-11-08,153.05,154.4,148.0,149.5,173.9,96.05,BALRAMCHIN
2019-11-07,155.5,156.3,151.1,152.75,173.9,96.05,BALRAMCHIN
2019-11-06,160.1,162.0,155.0,155.6,173.9,96.05,BALRAMCHIN
2019-11-05,161.1,163.0,156.0,158.3,173.9,96.05,BALRAMCHIN
2019-11-04,165.4,165.7,160.4,161.8,173.9,96.05,BALRAMCHIN
2019-11-01,164.6,170.35,163.0,164.5,173.9,96.05,BALRAMCHIN
2019-10-31,156.55,163.75,156.55,162.95,173.9,96.05,BALRAMCHIN
2019-10-30,153.45,159.0,153.45,156.55,173.9,96.05,BALRAMCHIN
2019-10-29,154.45,156.05,152.2,153.6,173.9,96.05,BALRAMCHIN
2019-10-27,154.15,155.4,151.5,154.2,173.9,93.0,BALRAMCHIN
2019-10-25,158.55,158.65,152.25,153.75,173.9,93.0,BALRAMCHIN
2019-10-24,159.75,161.75,155.4,157.55,173.9,93.0,BALRAMCHIN
2019-10-23,161.7,167.0,158.0,158.75,173.9,93.0,BALRAMCHIN
2019-10-22,154.0,163.5,154.0,161.9,173.9,93.0,BALRAMCHIN
2019-10-18,149.15,155.9,147.5,152.95,173.9,85.1,BALRAMCHIN
2019-10-17,150.0,152.7,147.35,148.55,173.9,85.1,BALRAMCHIN
2019-10-16,155.5,156.45,150.0,150.6,173.9,85.1,BALRAMCHIN
2019-10-15,154.4,156.95,154.0,155.1,173.9,85.1,BALRAMCHIN
2019-10-14,152.05,157.9,152.0,154.35,173.9,85.1,BALRAMCHIN
2019-10-11,152.0,155.0,150.0,151.3,173.9,74.0,BALRAMCHIN
2019-10-10,153.75,155.55,150.4,151.8,173.9,74.0,BALRAMCHIN
2019-10-09,155.55,156.9,151.3,154.2,173.9,74.0,BALRAMCHIN
2019-10-07,155.8,159.5,153.35,155.4,173.9,74.0,BALRAMCHIN
2019-10-04,162.05,163.75,152.7,155.8,173.9,65.0,BALRAMCHIN
2019-10-03,159.85,164.5,157.95,163.1,173.9,65.0,BALRAMCHIN
2019-10-01,156.75,161.0,154.1,159.65,173.9,65.0,BALRAMCHIN
2019-09-30,163.7,163.85,151.7,154.45,173.9,65.0,BALRAMCHIN
2019-09-27,169.0,170.35,161.25,162.85,173.9,65.0,BALRAMCHIN
2019-09-26,172.0,173.0,167.0,168.6,173.9,65.0,BALRAMCHIN
2019-09-25,167.9,173.9,166.3,171.45,173.9,65.0,BALRAMCHIN
2019-09-24,160.7,169.0,159.05,168.05,169.0,65.0,BALRAMCHIN
2019-09-23,161.0,165.65,156.0,162.65,169.0,65.0,BALRAMCHIN
2019-09-20,155.75,162.0,152.1,160.7,169.0,65.0,BALRAMCHIN
2019-09-19,153.45,156.55,150.25,154.8,169.0,65.0,BALRAMCHIN
2019-09-18,149.9,154.6,149.9,152.9,169.0,65.0,BALRAMCHIN
2019-09-17,150.15,157.4,147.05,149.0,169.0,65.0,BALRAMCHIN
2019-09-16,145.0,151.5,144.05,150.15,169.0,65.0,BALRAMCHIN
2019-09-13,150.8,151.8,145.55,146.85,169.0,65.0,BALRAMCHIN
2019-09-12,149.4,152.9,145.25,151.3,169.0,65.0,BALRAMCHIN
2019-09-11,134.4,152.4,133.6,149.75,169.0,65.0,BALRAMCHIN
2019-09-09,131.8,134.6,128.4,133.55,169.0,65.0,BALRAMCHIN
2019-09-06,130.6,134.9,130.6,132.5,169.0,65.0,BALRAMCHIN
2019-09-05,133.3,134.95,131.4,132.5,169.0,65.0,BALRAMCHIN
2019-09-04,131.8,133.8,131.0,132.7,169.0,65.0,BALRAMCHIN
2019-09-03,132.1,134.95,130.15,132.15,169.0,65.0,BALRAMCHIN
2019-08-30,132.4,133.7,127.1,132.85,169.0,65.0,BALRAMCHIN
2019-08-29,131.0,134.9,127.75,131.6,169.0,65.0,BALRAMCHIN
2019-08-28,136.25,137.05,127.55,129.3,169.0,65.0,BALRAMCHIN
2019-08-27,123.5,137.7,123.5,136.2,169.0,65.0,BALRAMCHIN
2019-08-26,124.4,125.4,119.8,123.1,169.0,65.0,BALRAMCHIN
2019-08-23,124.8,124.8,118.7,121.05,169.0,65.0,BALRAMCHIN
2019-08-22,120.15,127.3,117.6,125.3,169.0,65.0,BALRAMCHIN
2019-08-21,125.95,129.1,119.7,121.3,169.0,65.0,BALRAMCHIN
2019-08-20,128.0,128.95,125.0,125.95,169.0,65.0,BALRAMCHIN
2019-08-19,118.75,129.8,118.7,127.25,169.0,65.0,BALRAMCHIN
2019-08-16,116.7,120.0,113.65,119.25,169.0,65.0,BALRAMCHIN
2019-08-14,111.8,119.0,110.75,116.55,169.0,65.0,BALRAMCHIN
2019-08-13,116.4,117.8,109.55,110.25,169.0,65.0,BALRAMCHIN
2019-08-09,122.05,124.7,114.25,115.7,169.0,65.0,BALRAMCHIN
2019-08-08,128.0,129.6,118.65,121.4,169.0,65.0,BALRAMCHIN
2019-08-07,135.9,137.7,126.1,129.3,169.0,65.0,BALRAMCHIN
2019-08-06,125.35,138.4,125.35,135.3,169.0,65.0,BALRAMCHIN
2019-08-05,132.05,135.45,125.5,128.7,169.0,65.0,BALRAMCHIN
2019-08-02,142.0,142.75,135.6,136.9,169.0,65.0,BALRAMCHIN
2019-08-01,141.45,145.45,140.3,144.15,169.0,65.0,BALRAMCHIN
2019-07-31,145.95,145.95,138.8,141.65,169.0,65.0,BALRAMCHIN
2019-07-30,153.95,155.0,145.2,146.35,169.0,65.0,BALRAMCHIN
2019-07-29,152.0,155.4,151.95,154.5,169.0,65.0,BALRAMCHIN
2019-07-26,151.5,153.4,150.25,152.35,169.0,62.2,BALRAMCHIN
2019-07-25,155.45,155.45,148.4,151.15,169.0,62.2,BALRAMCHIN
2019-07-24,156.15,158.5,153.8,154.6,169.0,62.2,BALRAMCHIN
2019-07-23,148.5,155.75,148.1,152.75,169.0,62.2,BALRAMCHIN
2019-07-22,146.8,152.15,144.35,147.75,169.0,62.2,BALRAMCHIN
2019-07-19,150.1,150.8,146.35,146.8,169.0,59.7,BALRAMCHIN
2019-07-18,155.7,157.4,147.35,149.8,169.0,59.7,BALRAMCHIN
2019-07-17,155.6,158.2,153.8,155.2,169.0,59.7,BALRAMCHIN
2019-07-16,157.7,161.8,155.0,155.6,169.0,59.7,BALRAMCHIN
2019-07-15,163.0,165.35,155.0,155.85,169.0,59.7,BALRAMCHIN
2019-07-12,148.6,164.95,148.6,162.0,169.0,59.7,BALRAMCHIN
2019-07-11,154.55,155.0,147.55,147.95,169.0,59.7,BALRAMCHIN
2019-07-10,148.25,155.5,148.25,154.2,169.0,59.7,BALRAMCHIN
2019-07-09,154.8,155.9,148.65,149.5,169.0,59.7,BALRAMCHIN
2019-07-08,148.0,156.0,147.1,154.95,169.0,59.7,BALRAMCHIN
2019-07-05,147.3,153.0,145.0,150.9,169.0,59.7,BALRAMCHIN
2019-07-04,142.25,148.9,141.35,147.9,169.0,59.7,BALRAMCHIN
2019-07-03,142.8,143.25,140.3,142.5,169.0,59.7,BALRAMCHIN
2019-07-02,141.7,144.0,139.6,142.4,169.0,59.7,BALRAMCHIN
2019-07-01,144.0,144.7,140.1,141.05,169.0,59.7,BALRAMCHIN
2019-06-28,141.4,141.45,136.6,139.15,169.0,59.7,BALRAMCHIN
2019-06-27,135.95,141.95,135.9,140.15,169.0,59.7,BALRAMCHIN
2019-06-26,133.35,137.8,132.75,134.4,169.0,59.7,BALRAMCHIN
2019-06-25,136.6,136.6,133.0,133.45,169.0,59.7,BALRAMCHIN
2019-06-24,141.15,141.95,136.25,137.0,169.0,59.7,BALRAMCHIN
2019-06-21,141.0,142.5,138.0,139.7,169.0,59.7,BALRAMCHIN
2019-06-20,139.1,142.3,125.65,141.2,169.0,59.7,BALRAMCHIN
2019-06-19,151.25,152.0,138.1,139.1,169.0,59.7,BALRAMCHIN
2019-06-18,148.6,151.4,147.0,148.35,169.0,59.7,BALRAMCHIN
2019-06-17,153.0,153.6,147.5,148.6,169.0,59.7,BALRAMCHIN
2019-06-14,155.0,156.8,152.5,153.65,169.0,59.7,BALRAMCHIN
2019-06-13,153.9,156.75,153.15,155.85,169.0,59.7,BALRAMCHIN
2019-06-12,155.8,156.9,153.1,153.55,169.0,59.7,BALRAMCHIN
2019-06-11,155.05,157.25,153.05,156.6,169.0,59.7,BALRAMCHIN
2019-06-10,155.0,155.95,150.3,155.0,169.0,59.7,BALRAMCHIN
2019-06-07,153.0,155.8,150.5,152.65,169.0,59.7,BALRAMCHIN
2019-06-06,162.0,162.0,151.65,152.95,169.0,59.7,BALRAMCHIN
2019-06-04,158.6,165.0,158.0,163.45,169.0,59.7,BALRAMCHIN
2019-06-03,154.5,157.7,152.7,155.8,169.0,59.7,BALRAMCHIN
2019-05-31,154.1,155.5,151.55,154.0,169.0,59.7,BALRAMCHIN
2019-05-30,152.4,154.9,151.05,153.5,169.0,59.7,BALRAMCHIN
2019-05-29,154.3,154.6,151.55,152.3,169.0,59.7,BALRAMCHIN
2019-05-28,157.8,157.8,152.5,155.65,169.0,59.7,BALRAMCHIN
2019-05-27,156.0,169.0,156.0,157.3,169.0,59.7,BALRAMCHIN
2019-05-24,150.1,155.5,146.85,153.1,158.0,59.7,BALRAMCHIN
2019-05-23,151.5,152.5,149.1,149.55,158.0,59.7,BALRAMCHIN
2019-05-22,147.5,152.5,147.5,148.55,158.0,59.7,BALRAMCHIN
2019-05-21,149.6,151.5,145.4,147.4,158.0,59.7,BALRAMCHIN
2019-05-20,145.25,148.7,143.55,147.65,158.0,59.7,BALRAMCHIN
2019-05-17,144.0,145.0,142.3,143.15,158.0,58.7,BALRAMCHIN
2019-05-16,141.4,144.0,141.4,143.05,158.0,58.7,BALRAMCHIN
2019-05-15,142.45,144.25,140.0,141.05,158.0,58.7,BALRAMCHIN
2019-05-14,135.8,142.6,135.05,141.6,158.0,58.7,BALRAMCHIN
2019-05-13,144.45,145.45,134.0,136.25,158.0,58.7,BALRAMCHIN
2019-05-10,145.0,146.25,141.5,144.6,158.0,58.7,BALRAMCHIN
2019-05-09,140.0,145.35,140.0,144.6,158.0,58.7,BALRAMCHIN
2019-05-08,143.8,146.8,138.7,141.05,158.0,58.7,BALRAMCHIN
2019-05-07,154.2,154.5,141.0,143.55,158.0,58.7,BALRAMCHIN
2019-05-06,156.0,156.65,152.1,153.55,158.0,58.7,BALRAMCHIN
2019-05-03,154.0,158.0,154.0,156.8,158.0,58.7,BALRAMCHIN
2019-05-02,150.6,155.8,150.15,154.7,155.8,58.7,BALRAMCHIN
2019-04-30,147.8,153.2,144.5,150.6,153.2,58.7,BALRAMCHIN
2019-04-26,146.75,148.9,144.5,147.55,149.9,58.7,BALRAMCHIN
2019-04-25,141.0,149.9,140.6,145.9,149.9,58.7,BALRAMCHIN
2019-04-24,142.95,142.95,140.2,141.1,147.4,58.7,BALRAMCHIN
2019-04-23,142.9,145.0,140.4,141.15,147.4,58.7,BALRAMCHIN
2019-04-22,143.8,145.6,142.05,143.35,147.4,58.7,BALRAMCHIN
2019-04-18,140.0,147.4,139.4,146.2,147.4,58.7,BALRAMCHIN
2019-04-16,137.5,142.35,136.25,141.4,146.8,58.7,BALRAMCHIN
2019-04-15,138.4,141.15,137.3,139.95,146.8,58.7,BALRAMCHIN
2019-04-12,134.9,138.95,134.2,138.4,146.8,58.7,BALRAMCHIN
2019-04-11,136.3,137.3,133.25,134.4,146.8,58.7,BALRAMCHIN
2019-04-10,135.0,137.7,134.8,136.1,146.8,58.7,BALRAMCHIN
2019-04-09,133.45,135.25,128.65,134.35,146.8,58.7,BALRAMCHIN
2019-04-08,146.0,146.5,131.5,132.75,146.8,58.7,BALRAMCHIN
2019-04-05,138.9,146.8,138.25,145.65,146.8,58.7,BALRAMCHIN
2019-04-04,139.0,139.45,135.6,137.5,144.1,58.7,BALRAMCHIN
2019-04-03,139.45,140.75,138.0,138.7,144.1,58.7,BALRAMCHIN
2019-04-02,140.4,140.85,136.5,138.55,144.1,58.7,BALRAMCHIN
2019-04-01,138.5,143.0,137.6,139.55,144.1,58.7,BALRAMCHIN
2019-03-29,135.2,138.0,135.2,137.1,144.1,58.7,BALRAMCHIN
2019-03-28,134.5,137.4,134.0,135.2,144.1,58.7,BALRAMCHIN
2019-03-27,133.25,135.75,132.0,134.7,144.1,58.7,BALRAMCHIN
2019-03-26,135.0,135.25,132.2,132.8,144.1,58.7,BALRAMCHIN
2019-03-25,133.55,135.9,132.8,134.0,144.1,58.7,BALRAMCHIN
2019-03-22,127.0,133.0,127.0,132.05,144.1,58.7,BALRAMCHIN
2019-03-20,128.6,130.0,126.65,127.8,144.1,58.7,BALRAMCHIN
2019-03-19,134.0,134.6,129.2,129.85,144.1,58.7,BALRAMCHIN
2019-03-18,133.1,137.7,132.3,133.85,144.1,58.7,BALRAMCHIN
2019-03-15,134.0,135.3,131.4,132.9,144.1,58.7,BALRAMCHIN
2019-03-14,131.7,136.7,130.65,133.55,144.1,58.7,BALRAMCHIN
2019-03-13,134.0,135.05,130.55,131.1,144.1,58.7,BALRAMCHIN
2019-03-12,134.2,136.5,134.2,134.95,144.1,58.7,BALRAMCHIN
2019-03-11,136.0,136.85,130.3,133.65,144.1,58.7,BALRAMCHIN
2019-03-08,136.4,138.2,133.7,135.95,144.1,58.7,BALRAMCHIN
2019-03-07,142.4,143.85,132.1,136.4,144.1,58.7,BALRAMCHIN
2019-03-06,138.1,144.1,138.1,141.55,144.1,58.7,BALRAMCHIN
2019-03-05,134.0,138.75,133.15,137.55,138.75,58.7,BALRAMCHIN
2019-03-01,134.25,136.75,133.55,134.95,136.75,58.7,BALRAMCHIN
2019-02-28,127.95,131.7,127.95,131.0,134.35,58.7,BALRAMCHIN
2019-02-27,131.7,133.8,125.35,127.05,134.35,58.7,BALRAMCHIN
2019-02-26,126.95,131.75,122.7,130.25,134.35,58.7,BALRAMCHIN
2019-02-25,126.2,134.35,126.0,130.15,134.35,58.7,BALRAMCHIN
2019-02-22,124.3,128.25,124.0,126.2,128.25,58.7,BALRAMCHIN
2019-02-21,123.0,126.0,122.5,124.85,128.2,58.7,BALRAMCHIN
2019-02-20,125.0,128.2,122.1,123.7,128.2,58.7,BALRAMCHIN
2019-02-19,119.65,127.4,119.3,125.7,127.4,58.7,BALRAMCHIN
2019-02-18,117.85,121.5,115.9,119.65,122.45,58.7,BALRAMCHIN
2019-02-15,119.2,122.45,112.0,117.85,123.0,58.7,BALRAMCHIN
2019-02-14,112.3,118.4,110.25,117.7,123.0,58.7,BALRAMCHIN
2019-02-13,109.4,116.0,109.0,112.4,123.0,58.7,BALRAMCHIN
2019-02-12,108.4,110.5,107.5,108.9,123.0,58.7,BALRAMCHIN
2019-02-11,107.0,108.6,106.05,106.9,123.0,58.7,BALRAMCHIN
2019-02-08,105.5,109.95,105.5,106.75,123.0,58.7,BALRAMCHIN
2019-02-07,106.45,107.9,105.3,106.25,123.0,58.7,BALRAMCHIN
2019-02-06,110.7,110.7,106.0,107.4,123.0,58.7,BALRAMCHIN
2019-02-05,106.1,109.9,104.0,108.1,123.0,58.7,BALRAMCHIN
2019-02-04,103.15,103.3,101.15,102.35,123.0,58.7,BALRAMCHIN
2019-02-01,102.5,103.9,101.45,102.6,125.2,58.7,BALRAMCHIN
2019-01-31,102.0,102.5,100.0,101.9,125.2,58.7,BALRAMCHIN
