DATE,OPEN,HIGH,LOW,CLOSE,52W H,52W L,SYMBOL
2021-10-08,110.0,111.45,105.75,107.1,132.9,71.1,JTEKTINDIA
2021-10-07,110.75,113.55,108.65,109.2,132.9,71.1,JTEKTINDIA
2021-10-06,108.0,114.0,106.85,109.1,132.9,71.1,JTEKTINDIA
2021-10-05,105.0,108.5,105.0,106.6,132.9,71.1,JTEKTINDIA
2021-10-04,105.55,107.25,105.0,105.55,132.9,71.1,JTEKTINDIA
2021-10-01,105.7,106.8,104.95,105.35,132.9,71.1,JTEKTINDIA
2021-09-30,106.3,107.1,105.6,106.05,132.9,71.1,JTEKTINDIA
2021-09-29,105.9,108.5,105.0,105.7,132.9,71.1,JTEKTINDIA
2021-09-28,107.4,108.8,105.8,107.0,132.9,71.1,JTEKTINDIA
2021-09-27,107.4,111.25,106.05,107.9,132.9,71.1,JTEKTINDIA
2021-09-24,111.4,111.9,106.1,106.6,132.9,71.1,JTEKTINDIA
2021-09-23,107.05,112.0,107.0,110.4,132.9,71.1,JTEKTINDIA
2021-09-22,105.25,108.9,104.5,106.05,132.9,71.1,JTEKTINDIA
2021-09-21,105.4,105.9,102.0,104.25,132.9,71.1,JTEKTINDIA
2021-09-20,107.4,109.75,103.9,105.25,132.9,71.1,JTEKTINDIA
2021-09-17,113.2,113.25,107.2,108.8,132.9,71.1,JTEKTINDIA
2021-09-16,108.05,115.95,108.05,112.65,132.9,71.1,JTEKTINDIA
2021-09-15,104.0,111.8,104.0,106.45,132.9,71.1,JTEKTINDIA
2021-09-14,102.5,105.2,102.25,103.7,132.9,71.1,JTEKTINDIA
2021-09-13,101.45,103.5,100.15,102.1,132.9,71.1,JTEKTINDIA
2021-09-09,100.25,102.25,99.95,101.15,132.9,70.85,JTEKTINDIA
2021-09-08,102.45,102.5,99.75,100.25,132.9,70.85,JTEKTINDIA
2021-09-07,103.95,104.55,101.1,101.75,132.9,70.85,JTEKTINDIA
2021-09-06,103.9,106.25,102.25,103.45,132.9,70.85,JTEKTINDIA
2021-09-03,103.5,105.05,102.65,103.0,132.9,70.85,JTEKTINDIA
2021-09-02,102.8,104.5,102.55,103.05,132.9,70.85,JTEKTINDIA
2021-09-01,103.5,104.0,101.85,102.3,132.9,70.85,JTEKTINDIA
2021-08-31,105.95,107.0,102.25,103.1,132.9,70.85,JTEKTINDIA
2021-08-30,103.35,106.9,102.85,105.25,132.9,70.85,JTEKTINDIA
2021-08-27,101.5,103.7,100.9,102.6,132.9,70.85,JTEKTINDIA
2021-08-26,102.95,103.95,100.4,101.1,132.9,70.85,JTEKTINDIA
2021-08-25,101.75,106.5,101.1,102.3,132.9,70.85,JTEKTINDIA
2021-08-24,100.0,103.6,98.5,100.85,132.9,70.85,JTEKTINDIA
2021-08-23,104.05,106.0,97.15,99.25,132.9,70.85,JTEKTINDIA
2021-08-20,106.0,106.0,102.5,103.2,132.9,70.85,JTEKTINDIA
2021-08-18,108.3,108.8,104.0,106.15,132.9,70.85,JTEKTINDIA
2021-08-17,107.55,110.35,105.6,107.7,132.9,70.85,JTEKTINDIA
2021-08-16,108.5,110.75,106.3,106.95,132.9,70.85,JTEKTINDIA
2021-08-13,107.7,114.0,106.25,108.45,132.9,63.3,JTEKTINDIA
2021-08-12,106.0,114.05,106.0,111.15,132.9,63.3,JTEKTINDIA
2021-08-11,109.45,110.0,101.65,105.9,132.9,63.3,JTEKTINDIA
2021-08-10,117.05,117.05,106.55,108.8,132.9,63.3,JTEKTINDIA
2021-08-09,115.6,119.3,115.55,116.5,132.9,63.3,JTEKTINDIA
2021-08-06,115.45,118.25,114.5,115.4,132.9,61.05,JTEKTINDIA
2021-08-05,120.5,120.5,114.0,115.15,132.9,61.05,JTEKTINDIA
2021-08-04,123.85,125.2,118.5,119.75,132.9,61.05,JTEKTINDIA
2021-08-03,118.0,132.9,116.65,125.35,132.9,61.05,JTEKTINDIA
2021-08-02,119.7,119.85,116.75,117.55,127.0,61.05,JTEKTINDIA
2021-07-30,124.4,127.0,117.2,118.6,127.0,61.0,JTEKTINDIA
2021-07-29,112.95,125.5,111.5,123.3,125.5,61.0,JTEKTINDIA
2021-07-28,110.45,114.65,108.05,111.75,122.95,61.0,JTEKTINDIA
2021-07-27,109.85,111.85,108.0,108.95,122.95,61.0,JTEKTINDIA
2021-07-26,110.2,112.35,108.3,109.0,122.95,61.0,JTEKTINDIA
2021-07-23,112.5,112.5,109.1,109.75,122.95,61.0,JTEKTINDIA
2021-07-22,112.0,114.95,110.0,111.6,122.95,61.0,JTEKTINDIA
2021-07-20,114.7,115.7,108.75,110.25,122.95,61.0,JTEKTINDIA
2021-07-19,112.5,118.8,112.0,114.7,122.95,61.0,JTEKTINDIA
2021-07-16,116.45,116.7,113.0,113.65,122.95,61.0,JTEKTINDIA
2021-07-15,107.15,120.7,107.15,115.8,122.95,61.0,JTEKTINDIA
2021-07-14,109.0,109.9,106.3,107.15,122.95,61.0,JTEKTINDIA
2021-07-13,109.5,110.0,106.75,107.95,122.95,61.0,JTEKTINDIA
2021-07-12,112.0,112.0,108.1,108.6,122.95,61.0,JTEKTINDIA
2021-07-09,108.45,110.9,108.4,108.8,122.95,61.0,JTEKTINDIA
2021-07-08,113.8,113.8,108.3,109.0,122.95,61.0,JTEKTINDIA
2021-07-07,110.0,113.9,108.0,111.35,122.95,61.0,JTEKTINDIA
2021-07-06,108.0,110.95,107.95,109.75,122.95,61.0,JTEKTINDIA
2021-07-05,110.25,111.15,108.0,108.25,122.95,61.0,JTEKTINDIA
2021-07-02,111.2,111.2,109.0,110.05,122.95,61.0,JTEKTINDIA
2021-07-01,110.0,112.0,109.15,110.05,122.95,61.0,JTEKTINDIA
2021-06-30,108.0,112.0,108.0,110.0,122.95,61.0,JTEKTINDIA
2021-06-29,107.0,110.4,107.0,108.55,122.95,61.0,JTEKTINDIA
2021-06-28,105.95,108.45,105.95,107.2,122.95,61.0,JTEKTINDIA
2021-06-25,106.8,106.8,103.8,105.05,122.95,61.0,JTEKTINDIA
2021-06-24,107.4,107.4,105.3,106.05,122.95,61.0,JTEKTINDIA
2021-06-23,107.7,108.2,106.0,106.35,122.95,61.0,JTEKTINDIA
2021-06-22,107.65,109.45,106.0,106.9,122.95,61.0,JTEKTINDIA
2021-06-21,103.0,108.25,103.0,106.8,122.95,61.0,JTEKTINDIA
2021-06-18,109.4,109.55,103.0,106.4,122.95,61.0,JTEKTINDIA
2021-06-17,109.0,110.5,107.0,108.85,122.95,61.0,JTEKTINDIA
2021-06-16,111.0,115.9,107.2,108.55,122.95,61.0,JTEKTINDIA
2021-06-15,111.0,111.85,109.65,110.35,122.95,61.0,JTEKTINDIA
2021-06-14,111.45,112.8,107.7,110.15,122.95,61.0,JTEKTINDIA
2021-06-11,113.0,113.8,109.2,110.3,122.95,53.0,JTEKTINDIA
2021-06-10,110.25,112.6,110.25,111.6,122.95,53.0,JTEKTINDIA
2021-06-09,114.0,116.85,109.0,110.05,122.95,53.0,JTEKTINDIA
2021-06-08,109.55,113.8,108.35,112.6,122.95,53.0,JTEKTINDIA
2021-06-07,109.45,110.5,107.0,107.95,122.95,53.0,JTEKTINDIA
2021-06-04,109.0,109.7,107.5,108.15,122.95,49.7,JTEKTINDIA
2021-06-03,110.0,112.9,107.0,108.3,122.95,49.7,JTEKTINDIA
2021-06-02,109.0,111.7,108.5,109.6,122.95,49.7,JTEKTINDIA
2021-06-01,105.8,115.65,105.05,111.85,122.95,49.7,JTEKTINDIA
2021-05-31,109.7,109.7,103.25,104.7,122.95,49.7,JTEKTINDIA
2021-05-28,117.0,117.0,108.0,109.5,122.95,47.3,JTEKTINDIA
2021-05-27,116.85,117.7,111.55,114.6,122.95,47.3,JTEKTINDIA
2021-05-26,113.8,120.75,110.25,116.0,122.95,47.3,JTEKTINDIA
2021-05-25,114.9,122.95,108.35,114.5,122.95,47.3,JTEKTINDIA
2021-05-24,100.5,114.9,100.0,114.9,114.9,47.3,JTEKTINDIA
2021-05-21,91.75,97.3,91.4,95.75,104.8,44.25,JTEKTINDIA
2021-05-20,86.45,91.65,86.15,90.95,104.8,44.25,JTEKTINDIA
2021-05-19,86.5,87.4,85.7,86.05,104.8,44.25,JTEKTINDIA
2021-05-18,85.55,88.1,85.5,85.9,104.8,44.25,JTEKTINDIA
2021-05-17,84.5,88.55,83.5,85.35,104.8,44.25,JTEKTINDIA
2021-05-14,85.7,86.4,83.2,83.6,104.8,44.25,JTEKTINDIA
2021-05-12,84.9,88.5,84.0,85.55,104.8,44.25,JTEKTINDIA
2021-05-11,87.0,88.85,84.1,84.4,104.8,44.25,JTEKTINDIA
2021-05-10,82.7,89.55,82.0,88.15,104.8,44.25,JTEKTINDIA
2021-05-07,82.2,83.45,82.0,82.1,104.8,44.25,JTEKTINDIA
2021-05-06,81.05,84.0,81.05,82.3,104.8,44.25,JTEKTINDIA
2021-05-05,83.45,83.45,81.3,81.65,104.8,44.25,JTEKTINDIA
2021-05-04,84.15,84.35,82.1,82.45,104.8,44.25,JTEKTINDIA
2021-05-03,83.05,84.9,82.85,84.0,104.8,44.25,JTEKTINDIA
2021-04-30,82.1,83.6,81.2,83.05,104.8,44.25,JTEKTINDIA
2021-04-29,83.4,83.9,81.85,82.1,104.8,44.25,JTEKTINDIA
2021-04-28,81.1,83.7,81.1,82.75,104.8,44.25,JTEKTINDIA
2021-04-27,81.95,83.5,80.05,81.5,104.8,44.25,JTEKTINDIA
2021-04-26,80.1,83.7,80.1,81.95,104.8,44.25,JTEKTINDIA
2021-04-23,81.2,82.0,80.3,80.5,104.8,44.25,JTEKTINDIA
2021-04-22,81.85,82.8,80.55,80.95,104.8,44.25,JTEKTINDIA
2021-04-20,82.95,83.95,81.05,81.8,104.8,44.25,JTEKTINDIA
2021-04-19,82.95,83.2,81.55,82.0,104.8,44.25,JTEKTINDIA
2021-04-16,85.25,85.5,84.0,84.25,104.8,41.05,JTEKTINDIA
2021-04-15,82.6,85.8,82.6,85.1,104.8,41.05,JTEKTINDIA
2021-04-13,82.7,85.35,82.5,84.45,104.8,41.05,JTEKTINDIA
2021-04-12,84.0,85.5,81.6,82.25,104.8,41.05,JTEKTINDIA
2021-04-09,85.9,86.7,85.3,85.65,104.8,36.15,JTEKTINDIA
2021-04-08,86.95,88.15,85.15,85.5,104.8,36.15,JTEKTINDIA
2021-04-07,84.6,86.7,84.15,86.2,104.8,36.15,JTEKTINDIA
2021-04-06,84.45,85.5,83.9,84.15,104.8,36.15,JTEKTINDIA
2021-04-05,86.35,86.35,83.8,84.15,104.8,36.15,JTEKTINDIA
2021-04-01,84.45,87.0,84.3,86.35,104.8,35.3,JTEKTINDIA
2021-03-31,83.9,84.85,83.0,84.15,104.8,35.3,JTEKTINDIA
2021-03-30,85.5,86.2,84.0,84.15,104.8,35.3,JTEKTINDIA
2021-03-26,84.25,86.45,84.25,85.1,104.8,35.1,JTEKTINDIA
2021-03-25,86.5,86.75,83.65,84.25,104.8,35.1,JTEKTINDIA
2021-03-24,87.9,88.3,85.6,86.15,104.8,35.1,JTEKTINDIA
2021-03-23,88.0,88.95,87.7,88.15,104.8,35.1,JTEKTINDIA
2021-03-22,88.4,89.8,87.0,88.3,104.8,35.1,JTEKTINDIA
2021-03-19,85.5,88.75,84.0,87.45,104.8,35.1,JTEKTINDIA
2021-03-18,89.0,90.3,86.05,86.4,104.8,35.1,JTEKTINDIA
2021-03-17,91.7,91.7,88.15,88.55,104.8,35.1,JTEKTINDIA
2021-03-16,91.85,92.35,90.15,91.35,104.8,35.1,JTEKTINDIA
2021-03-15,90.5,92.0,89.0,91.5,104.8,35.1,JTEKTINDIA
2021-03-12,90.5,91.3,88.0,88.25,104.8,35.1,JTEKTINDIA
2021-03-10,91.5,92.3,89.5,90.0,104.8,35.1,JTEKTINDIA
2021-03-09,94.5,94.9,89.8,90.45,104.8,35.1,JTEKTINDIA
2021-03-08,92.5,94.5,89.55,93.2,104.8,35.1,JTEKTINDIA
2021-03-05,90.95,91.5,88.1,90.85,104.8,35.1,JTEKTINDIA
2021-03-04,87.4,90.65,86.9,89.3,104.8,35.1,JTEKTINDIA
2021-03-03,89.85,90.0,87.55,87.8,104.8,35.1,JTEKTINDIA
2021-03-02,89.5,90.9,88.3,89.0,104.8,35.1,JTEKTINDIA
2021-03-01,88.1,91.85,88.1,88.8,104.8,35.1,JTEKTINDIA
2021-02-26,88.9,90.95,87.6,87.85,104.8,35.1,JTEKTINDIA
2021-02-25,90.0,93.0,87.85,89.75,104.8,35.1,JTEKTINDIA
2021-02-24,89.15,90.55,87.65,89.05,104.8,35.1,JTEKTINDIA
2021-02-23,88.35,90.5,87.4,89.3,104.8,35.1,JTEKTINDIA
2021-02-22,89.05,89.7,87.05,87.7,104.8,35.1,JTEKTINDIA
2021-02-19,87.45,91.2,87.45,88.95,104.8,35.1,JTEKTINDIA
2021-02-18,88.25,90.0,87.2,87.65,104.8,35.1,JTEKTINDIA
2021-02-17,88.0,91.0,86.8,87.25,104.8,35.1,JTEKTINDIA
2021-02-16,89.9,91.7,88.35,88.9,104.8,35.1,JTEKTINDIA
2021-02-15,93.0,93.0,89.2,90.0,104.8,35.1,JTEKTINDIA
2021-02-12,94.4,94.4,90.55,91.4,104.8,35.1,JTEKTINDIA
2021-02-11,90.2,95.9,90.2,92.55,104.8,35.1,JTEKTINDIA
2021-02-10,90.2,91.65,88.85,89.75,104.8,35.1,JTEKTINDIA
2021-02-09,91.45,92.45,90.35,90.75,104.8,35.1,JTEKTINDIA
2021-02-08,89.1,92.0,89.05,90.35,104.8,35.1,JTEKTINDIA
2021-02-05,91.1,92.2,87.0,88.15,104.8,35.1,JTEKTINDIA
2021-02-04,92.45,93.25,89.35,90.2,104.8,35.1,JTEKTINDIA
2021-02-03,91.0,95.7,90.3,92.45,104.8,35.1,JTEKTINDIA
2021-02-02,89.7,92.55,89.25,90.35,104.8,35.1,JTEKTINDIA
2021-02-01,87.95,90.3,87.0,89.0,104.8,35.1,JTEKTINDIA
2021-01-29,90.05,91.5,86.05,87.1,104.8,35.1,JTEKTINDIA
2021-01-28,87.9,90.0,86.25,89.6,104.8,35.1,JTEKTINDIA
2021-01-27,89.4,91.45,87.7,88.15,104.8,35.1,JTEKTINDIA
2021-01-25,92.2,93.9,87.5,88.5,104.8,35.1,JTEKTINDIA
2021-01-22,93.05,94.8,90.1,90.85,104.8,35.1,JTEKTINDIA
2021-01-21,94.9,95.15,92.0,92.55,104.8,35.1,JTEKTINDIA
2021-01-20,94.55,95.85,93.4,93.65,104.8,35.1,JTEKTINDIA
2021-01-19,95.85,96.85,93.3,94.0,104.8,35.1,JTEKTINDIA
2021-01-18,99.8,99.8,94.0,94.95,104.8,35.1,JTEKTINDIA
2021-01-15,92.6,94.8,89.9,92.75,104.8,35.1,JTEKTINDIA
2021-01-14,95.35,95.35,92.0,92.35,104.8,35.1,JTEKTINDIA
2021-01-13,94.95,104.8,93.5,95.5,104.8,35.1,JTEKTINDIA
2021-01-12,93.6,96.45,91.05,94.55,100.7,35.1,JTEKTINDIA
2021-01-11,89.9,97.75,88.6,94.3,100.7,35.1,JTEKTINDIA
2021-01-08,89.8,91.0,88.0,88.75,100.7,35.1,JTEKTINDIA
2021-01-07,92.5,94.5,88.35,88.85,100.7,35.1,JTEKTINDIA
2021-01-06,95.9,96.85,88.15,91.45,100.7,35.1,JTEKTINDIA
2021-01-05,98.3,99.45,94.05,95.4,100.7,35.1,JTEKTINDIA
2021-01-04,91.4,100.7,88.6,96.9,100.7,35.1,JTEKTINDIA
2021-01-01,88.3,91.0,88.0,90.25,95.8,35.1,JTEKTINDIA
2020-12-31,88.35,89.4,87.25,87.9,95.8,35.1,JTEKTINDIA
2020-12-30,88.8,90.35,87.8,88.35,95.8,35.1,JTEKTINDIA
2020-12-29,88.5,92.35,87.0,88.15,95.8,35.1,JTEKTINDIA
2020-12-28,87.5,89.4,87.2,87.45,95.8,35.1,JTEKTINDIA
2020-12-24,87.9,90.45,86.5,87.3,95.8,35.1,JTEKTINDIA
2020-12-23,84.55,88.0,83.65,87.25,95.8,35.1,JTEKTINDIA
2020-12-22,84.0,86.35,80.2,84.1,95.8,35.1,JTEKTINDIA
2020-12-21,92.7,93.0,79.95,82.65,95.8,35.1,JTEKTINDIA
2020-12-18,87.85,93.75,84.3,92.45,95.8,35.1,JTEKTINDIA
2020-12-17,91.85,92.1,87.0,87.85,95.8,35.1,JTEKTINDIA
2020-12-16,86.8,94.35,86.5,91.4,95.8,35.1,JTEKTINDIA
2020-12-15,85.75,87.6,84.2,86.05,95.8,35.1,JTEKTINDIA
2020-12-14,83.75,88.55,83.45,86.15,95.8,35.1,JTEKTINDIA
2020-12-11,83.6,85.7,82.6,83.45,95.8,35.1,JTEKTINDIA
2020-12-10,86.2,86.2,82.85,83.35,95.8,35.1,JTEKTINDIA
2020-12-09,83.9,89.5,83.9,86.45,95.8,35.1,JTEKTINDIA
2020-12-08,87.7,87.85,82.8,83.95,95.8,35.1,JTEKTINDIA
2020-12-07,86.95,88.8,85.9,87.15,95.8,35.1,JTEKTINDIA
2020-12-04,80.3,87.9,80.0,86.3,95.8,35.1,JTEKTINDIA
2020-12-03,80.8,81.6,79.0,79.65,95.8,35.1,JTEKTINDIA
2020-12-02,81.35,81.8,79.1,79.6,95.8,35.1,JTEKTINDIA
2020-12-01,79.2,83.4,79.2,80.75,95.8,35.1,JTEKTINDIA
2020-11-27,81.0,83.6,79.35,80.2,95.8,35.1,JTEKTINDIA
2020-11-26,81.5,82.7,79.25,79.8,95.8,35.1,JTEKTINDIA
2020-11-25,84.6,84.9,80.35,80.95,95.8,35.1,JTEKTINDIA
2020-11-24,78.4,85.0,78.0,84.05,95.8,35.1,JTEKTINDIA
2020-11-23,77.1,78.5,76.55,77.55,95.8,35.1,JTEKTINDIA
2020-11-20,78.15,79.0,75.6,77.8,95.8,35.1,JTEKTINDIA
2020-11-19,78.25,79.5,76.65,78.15,95.8,35.1,JTEKTINDIA
2020-11-18,73.75,87.6,73.0,78.25,95.8,35.1,JTEKTINDIA
2020-11-17,73.5,74.25,72.35,73.6,95.8,35.1,JTEKTINDIA
2020-11-14,75.0,75.2,72.2,72.8,95.8,35.1,JTEKTINDIA
2020-11-13,76.0,76.95,71.1,74.3,95.8,35.1,JTEKTINDIA
2020-11-12,75.7,77.9,75.7,76.95,95.8,35.1,JTEKTINDIA
2020-11-11,76.05,77.55,75.4,76.3,95.8,35.1,JTEKTINDIA
2020-11-10,76.5,77.4,75.35,76.05,95.8,35.1,JTEKTINDIA
2020-11-09,77.0,77.7,76.0,76.95,95.8,35.1,JTEKTINDIA
2020-11-06,78.0,78.0,76.0,76.3,99.0,35.1,JTEKTINDIA
2020-11-05,78.0,78.65,76.0,76.45,99.0,35.1,JTEKTINDIA
2020-11-04,80.0,80.75,75.35,76.95,99.0,35.1,JTEKTINDIA
2020-11-03,78.0,79.5,76.5,79.15,99.0,35.1,JTEKTINDIA
2020-11-02,75.75,78.7,74.5,77.85,99.0,35.1,JTEKTINDIA
2020-10-30,74.6,76.85,73.25,73.9,99.0,35.1,JTEKTINDIA
2020-10-29,73.55,75.9,73.55,75.6,99.0,35.1,JTEKTINDIA
2020-10-28,78.45,78.45,74.75,75.2,99.0,35.1,JTEKTINDIA
2020-10-27,77.55,79.2,76.3,77.3,99.0,35.1,JTEKTINDIA
2020-10-26,77.3,78.75,76.0,78.15,99.0,35.1,JTEKTINDIA
2020-10-23,75.35,79.65,75.35,77.95,99.0,35.1,JTEKTINDIA
2020-10-22,76.4,76.6,75.0,75.1,99.0,35.1,JTEKTINDIA
2020-10-21,76.9,77.3,74.5,76.55,99.0,35.1,JTEKTINDIA
2020-10-20,75.0,76.0,74.6,75.2,99.0,35.1,JTEKTINDIA
2020-10-19,75.35,76.35,74.5,74.95,99.0,35.1,JTEKTINDIA
2020-10-16,73.0,76.95,73.0,76.3,99.0,35.1,JTEKTINDIA
2020-10-15,77.8,77.85,72.5,73.9,99.0,35.1,JTEKTINDIA
2020-10-14,77.5,78.0,75.35,76.7,99.0,35.1,JTEKTINDIA
2020-10-13,79.1,79.65,77.85,78.0,99.0,35.1,JTEKTINDIA
2020-10-12,78.5,79.9,77.35,79.1,99.0,35.1,JTEKTINDIA
2020-10-09,77.9,82.3,77.5,79.2,99.0,35.1,JTEKTINDIA
2020-10-08,77.9,78.25,75.85,77.75,99.0,35.1,JTEKTINDIA
2020-10-07,79.0,79.0,76.35,77.1,99.0,35.1,JTEKTINDIA
2020-10-06,79.0,80.0,78.2,78.4,99.0,35.1,JTEKTINDIA
2020-10-05,77.25,78.8,75.0,77.7,99.0,35.1,JTEKTINDIA
2020-10-01,75.85,78.4,75.3,75.9,99.0,35.1,JTEKTINDIA
2020-09-30,75.5,76.95,74.5,75.3,99.0,35.1,JTEKTINDIA
2020-09-29,75.85,76.0,73.6,74.75,99.0,35.1,JTEKTINDIA
2020-09-28,76.0,77.7,74.25,75.15,99.0,35.1,JTEKTINDIA
2020-09-25,74.95,76.0,74.5,75.3,99.0,35.1,JTEKTINDIA
2020-09-24,74.0,74.8,72.45,73.3,99.0,35.1,JTEKTINDIA
2020-09-23,77.85,77.9,73.9,75.65,99.0,35.1,JTEKTINDIA
2020-09-22,75.5,77.6,72.15,76.15,99.0,35.1,JTEKTINDIA
2020-09-21,82.85,82.85,76.15,76.5,99.0,35.1,JTEKTINDIA
2020-09-18,83.2,84.0,81.25,81.8,99.0,35.1,JTEKTINDIA
2020-09-17,82.0,84.2,78.1,81.45,99.0,35.1,JTEKTINDIA
2020-09-16,77.8,82.5,74.55,81.8,99.0,35.1,JTEKTINDIA
2020-09-15,75.2,77.8,75.2,77.5,99.0,35.1,JTEKTINDIA
2020-09-14,72.75,76.8,72.7,74.35,99.0,35.1,JTEKTINDIA
2020-09-11,72.45,72.7,71.05,71.55,99.0,35.1,JTEKTINDIA
2020-09-10,72.9,74.0,70.85,71.65,99.0,35.1,JTEKTINDIA
2020-09-09,72.0,75.0,71.0,71.8,99.0,35.1,JTEKTINDIA
2020-09-08,76.5,76.5,73.0,73.85,99.0,35.1,JTEKTINDIA
2020-09-07,76.9,78.0,76.05,76.3,99.0,35.1,JTEKTINDIA
2020-09-04,76.5,78.5,76.0,76.45,99.0,35.1,JTEKTINDIA
2020-09-03,76.2,79.25,75.55,75.9,99.0,35.1,JTEKTINDIA
2020-09-02,78.0,78.9,77.0,77.25,99.0,35.1,JTEKTINDIA
2020-09-01,76.5,78.9,74.3,77.45,99.0,35.1,JTEKTINDIA
2020-08-31,84.0,85.1,75.0,76.45,99.0,35.1,JTEKTINDIA
2020-08-28,88.45,88.9,83.25,84.05,99.0,35.1,JTEKTINDIA
2020-08-27,88.2,90.0,87.0,88.45,99.0,35.1,JTEKTINDIA
2020-08-26,86.0,91.8,82.8,88.55,99.0,35.1,JTEKTINDIA
2020-08-25,80.9,87.0,80.55,84.75,99.0,35.1,JTEKTINDIA
2020-08-24,77.5,81.9,76.6,80.45,99.0,35.1,JTEKTINDIA
2020-08-21,77.0,79.4,76.6,77.25,99.0,35.1,JTEKTINDIA
2020-08-20,75.55,77.3,75.25,76.35,99.0,35.1,JTEKTINDIA
2020-08-19,77.4,79.0,74.5,76.7,99.0,35.1,JTEKTINDIA
2020-08-18,77.45,77.45,75.0,76.15,99.0,35.1,JTEKTINDIA
2020-08-17,74.15,80.4,72.1,76.8,99.0,35.1,JTEKTINDIA
2020-08-14,75.2,75.3,71.95,73.15,99.0,35.1,JTEKTINDIA
2020-08-13,74.0,75.0,72.5,74.6,99.0,35.1,JTEKTINDIA
2020-08-12,65.8,73.3,65.4,72.6,99.0,35.1,JTEKTINDIA
2020-08-11,66.5,67.0,63.3,65.9,99.0,35.1,JTEKTINDIA
2020-08-10,67.0,67.0,65.85,66.25,99.0,35.1,JTEKTINDIA
2020-08-07,66.4,67.15,65.0,66.45,99.0,35.1,JTEKTINDIA
2020-08-06,65.05,66.3,65.0,65.6,99.0,35.1,JTEKTINDIA
2020-08-05,64.55,66.5,64.5,65.05,99.0,35.1,JTEKTINDIA
2020-08-04,66.6,67.6,63.7,64.65,99.0,35.1,JTEKTINDIA
2020-08-03,62.0,67.4,61.05,66.6,99.0,35.1,JTEKTINDIA
2020-07-31,62.6,62.9,61.0,61.95,99.0,35.1,JTEKTINDIA
2020-07-30,65.4,65.5,61.35,62.25,99.0,35.1,JTEKTINDIA
2020-07-29,65.25,65.7,64.0,64.15,99.0,35.1,JTEKTINDIA
2020-07-28,65.5,66.4,64.6,65.25,99.0,35.1,JTEKTINDIA
2020-07-27,65.1,66.4,64.9,65.1,99.0,35.1,JTEKTINDIA
2020-07-24,66.2,66.65,65.4,65.7,99.0,35.1,JTEKTINDIA
2020-07-23,66.35,67.5,66.35,66.8,99.0,35.1,JTEKTINDIA
2020-07-22,67.45,70.0,65.8,66.85,99.0,35.1,JTEKTINDIA
2020-07-21,67.5,68.2,66.6,66.85,99.0,35.1,JTEKTINDIA
2020-07-20,68.05,68.65,66.5,66.95,99.0,35.1,JTEKTINDIA
2020-07-17,68.1,69.2,67.75,68.1,99.0,35.1,JTEKTINDIA
2020-07-16,69.35,72.0,67.5,67.8,99.0,35.1,JTEKTINDIA
2020-07-15,69.5,70.9,68.4,69.2,99.0,35.1,JTEKTINDIA
2020-07-14,68.0,69.75,65.85,68.65,99.0,35.1,JTEKTINDIA
2020-07-13,67.05,69.0,66.25,67.9,99.0,35.1,JTEKTINDIA
2020-07-10,67.0,67.7,65.2,66.3,99.0,35.1,JTEKTINDIA
2020-07-09,66.2,68.2,65.8,67.8,99.0,35.1,JTEKTINDIA
2020-07-08,67.6,68.0,66.0,66.2,99.0,35.1,JTEKTINDIA
2020-07-07,68.9,68.9,67.45,67.6,99.0,35.1,JTEKTINDIA
2020-07-06,68.05,68.75,67.3,67.95,99.0,35.1,JTEKTINDIA
2020-07-03,67.95,68.85,67.05,68.05,99.0,35.1,JTEKTINDIA
2020-07-02,67.0,68.9,66.55,67.3,99.0,35.1,JTEKTINDIA
2020-07-01,67.3,68.65,66.5,67.1,99.0,35.1,JTEKTINDIA
2020-06-30,66.55,69.75,65.5,66.85,99.0,35.1,JTEKTINDIA
2020-06-29,67.9,68.4,64.7,65.8,99.0,35.1,JTEKTINDIA
2020-06-26,69.0,69.45,67.15,67.85,99.0,35.1,JTEKTINDIA
2020-06-25,65.7,69.5,64.5,67.45,99.0,35.1,JTEKTINDIA
2020-06-24,66.5,69.0,65.5,66.35,99.0,35.1,JTEKTINDIA
2020-06-23,67.5,68.4,64.0,66.1,99.0,35.1,JTEKTINDIA
2020-06-22,67.85,70.15,66.0,66.9,99.0,35.1,JTEKTINDIA
2020-06-19,73.0,73.0,66.5,67.4,104.75,35.1,JTEKTINDIA
2020-06-18,67.3,74.6,67.25,71.45,104.75,35.1,JTEKTINDIA
2020-06-17,63.2,69.1,63.2,67.85,104.75,35.1,JTEKTINDIA
2020-06-16,66.8,70.7,61.15,63.25,104.75,35.1,JTEKTINDIA
2020-06-15,78.45,78.45,67.9,67.9,104.75,35.1,JTEKTINDIA
2020-06-12,63.0,77.35,61.75,75.4,108.7,35.1,JTEKTINDIA
2020-06-11,56.1,65.85,56.1,65.35,108.7,35.1,JTEKTINDIA
2020-06-10,56.1,56.6,54.2,54.9,108.7,35.1,JTEKTINDIA
2020-06-09,57.4,60.6,55.0,55.55,108.7,35.1,JTEKTINDIA
2020-06-08,55.0,59.9,53.0,57.5,108.7,35.1,JTEKTINDIA
2020-06-05,52.4,54.75,51.8,53.2,117.5,35.1,JTEKTINDIA
2020-06-04,51.65,52.4,50.7,51.6,117.5,35.1,JTEKTINDIA
2020-06-03,51.45,52.6,50.3,50.75,117.5,35.1,JTEKTINDIA
2020-06-02,50.0,51.6,49.7,50.6,117.5,35.1,JTEKTINDIA
2020-06-01,51.1,52.1,50.0,50.25,117.5,35.1,JTEKTINDIA
2020-05-29,54.0,54.3,49.3,50.65,117.5,35.1,JTEKTINDIA
2020-05-28,48.0,53.8,47.9,52.75,117.5,35.1,JTEKTINDIA
2020-05-27,48.45,49.0,47.75,48.55,117.5,35.1,JTEKTINDIA
2020-05-26,48.0,48.9,47.3,48.15,117.5,35.1,JTEKTINDIA
2020-05-22,48.15,48.55,46.8,48.15,117.5,35.1,JTEKTINDIA
2020-05-21,47.9,48.4,46.9,48.0,117.5,35.1,JTEKTINDIA
2020-05-20,45.5,48.5,44.25,47.35,117.5,35.1,JTEKTINDIA
2020-05-19,46.5,47.35,44.65,44.9,117.5,35.1,JTEKTINDIA
2020-05-18,48.2,48.2,45.85,46.4,117.5,35.1,JTEKTINDIA
2020-05-15,48.5,48.8,47.25,47.6,117.5,35.1,JTEKTINDIA
2020-05-14,50.4,50.4,48.15,48.5,117.5,35.1,JTEKTINDIA
2020-05-13,49.6,50.4,48.3,49.75,117.5,35.1,JTEKTINDIA
2020-05-12,48.65,48.65,46.55,47.5,117.5,35.1,JTEKTINDIA
2020-05-11,49.8,50.6,47.25,48.2,117.5,35.1,JTEKTINDIA
2020-05-08,50.6,51.9,48.8,49.3,117.5,35.1,JTEKTINDIA
2020-05-07,50.65,50.7,48.65,49.5,117.5,35.1,JTEKTINDIA
2020-05-06,49.8,51.95,47.0,50.2,117.5,35.1,JTEKTINDIA
2020-05-05,49.8,50.8,48.9,49.05,117.5,35.1,JTEKTINDIA
2020-05-04,49.4,49.8,48.1,48.55,117.5,35.1,JTEKTINDIA
2020-04-30,51.7,52.5,50.15,51.6,117.5,35.1,JTEKTINDIA
2020-04-29,50.75,53.65,50.0,50.75,117.5,35.1,JTEKTINDIA
2020-04-28,50.1,52.7,49.75,50.75,117.5,35.1,JTEKTINDIA
2020-04-27,49.0,55.0,48.65,50.75,117.5,35.1,JTEKTINDIA
2020-04-24,50.0,51.9,48.4,48.9,117.5,35.1,JTEKTINDIA
2020-04-23,54.0,54.0,50.2,51.1,117.5,35.1,JTEKTINDIA
2020-04-22,49.0,54.2,47.1,53.45,117.5,35.1,JTEKTINDIA
2020-04-21,52.0,52.5,48.2,49.15,117.5,35.1,JTEKTINDIA
2020-04-20,55.1,55.4,53.1,53.65,117.5,35.1,JTEKTINDIA
2020-04-17,56.0,56.0,50.0,55.05,119.5,35.1,JTEKTINDIA
2020-04-16,47.45,55.5,46.3,53.2,119.5,35.1,JTEKTINDIA
2020-04-15,51.2,53.8,47.5,48.8,119.5,35.1,JTEKTINDIA
2020-04-13,46.9,47.9,41.05,46.2,119.5,35.1,JTEKTINDIA
2020-04-09,39.9,46.3,38.6,45.7,119.5,35.1,JTEKTINDIA
2020-04-08,37.9,40.3,37.55,38.85,119.5,35.1,JTEKTINDIA
2020-04-07,36.15,39.5,36.15,37.9,119.5,35.1,JTEKTINDIA
2020-04-03,39.9,41.75,35.3,35.95,119.5,35.1,JTEKTINDIA
2020-04-01,39.4,39.9,38.25,38.85,119.5,35.1,JTEKTINDIA
2020-03-31,38.5,40.45,37.1,39.45,119.5,35.1,JTEKTINDIA
2020-03-30,42.0,42.0,37.1,37.2,119.5,35.1,JTEKTINDIA
2020-03-27,44.9,44.9,38.25,38.75,119.5,35.1,JTEKTINDIA
2020-03-26,39.0,42.15,37.0,41.6,119.5,35.1,JTEKTINDIA
2020-03-25,35.35,39.2,35.35,38.6,119.5,35.1,JTEKTINDIA
2020-03-24,35.25,39.0,35.1,35.65,119.5,35.1,JTEKTINDIA
2020-03-23,42.0,42.0,38.95,38.95,119.5,38.95,JTEKTINDIA
2020-03-20,43.35,44.1,38.95,43.25,119.5,38.95,JTEKTINDIA
2020-03-19,40.55,44.65,39.05,40.1,119.5,39.05,JTEKTINDIA
2020-03-18,50.15,53.0,42.1,43.35,119.5,42.1,JTEKTINDIA
2020-03-17,52.75,53.3,48.25,49.25,119.5,47.0,JTEKTINDIA
2020-03-16,52.0,54.9,48.25,51.95,119.5,47.0,JTEKTINDIA
2020-03-13,47.0,59.45,47.0,52.1,119.5,47.0,JTEKTINDIA
2020-03-12,66.0,67.85,55.1,58.7,119.5,55.1,JTEKTINDIA
2020-03-11,66.0,71.0,66.0,68.85,119.5,62.8,JTEKTINDIA
2020-03-09,65.8,71.0,65.25,67.6,119.5,62.8,JTEKTINDIA
2020-03-06,65.05,72.35,65.05,71.0,119.5,62.8,JTEKTINDIA
2020-03-05,71.8,72.0,68.55,70.2,119.5,62.8,JTEKTINDIA
2020-03-04,72.6,74.6,68.6,69.65,119.5,62.8,JTEKTINDIA
2020-03-03,75.1,77.4,72.0,72.3,119.5,62.8,JTEKTINDIA
2020-03-02,76.9,77.0,74.05,75.0,119.5,62.8,JTEKTINDIA
2020-02-28,70.15,76.9,70.15,75.3,119.5,62.8,JTEKTINDIA
2020-02-27,75.5,76.2,71.7,75.2,119.5,62.8,JTEKTINDIA
2020-02-26,76.0,78.25,75.0,76.3,119.5,62.8,JTEKTINDIA
2020-02-25,78.75,78.75,75.9,76.55,119.5,62.8,JTEKTINDIA
2020-02-24,76.5,80.0,75.75,77.1,119.5,62.8,JTEKTINDIA
2020-02-20,80.95,81.3,77.6,78.35,119.5,62.8,JTEKTINDIA
2020-02-19,81.0,81.6,79.6,80.5,119.5,62.8,JTEKTINDIA
2020-02-18,80.25,80.55,77.25,79.2,119.5,62.8,JTEKTINDIA
2020-02-17,81.8,82.05,78.7,80.0,119.5,62.8,JTEKTINDIA
2020-02-14,80.15,83.5,80.15,82.05,119.5,62.8,JTEKTINDIA
2020-02-13,82.0,83.95,81.05,81.6,119.5,62.8,JTEKTINDIA
2020-02-12,84.15,85.5,82.05,82.2,119.5,62.8,JTEKTINDIA
2020-02-11,85.0,85.9,82.0,84.6,119.5,62.8,JTEKTINDIA
2020-02-10,85.0,85.0,81.1,82.05,119.5,62.8,JTEKTINDIA
2020-02-07,85.8,86.45,82.7,84.15,119.5,62.8,JTEKTINDIA
2020-02-06,85.25,87.45,85.15,85.55,119.5,62.8,JTEKTINDIA
2020-02-05,87.7,88.6,85.1,85.5,119.5,62.8,JTEKTINDIA
2020-02-04,82.0,85.5,81.6,84.95,119.5,62.8,JTEKTINDIA
2020-02-03,82.0,83.0,79.5,80.25,119.5,62.8,JTEKTINDIA
2020-02-01,84.9,86.5,80.75,81.45,119.5,62.8,JTEKTINDIA
2020-01-31,87.9,87.9,83.1,84.55,119.5,62.8,JTEKTINDIA
2020-01-30,89.9,89.9,84.0,85.4,119.5,62.8,JTEKTINDIA
2020-01-29,87.65,88.2,85.85,86.95,119.5,62.8,JTEKTINDIA
2020-01-28,89.9,89.9,84.7,85.55,119.5,62.8,JTEKTINDIA
2020-01-27,88.1,89.05,86.9,87.5,119.5,62.8,JTEKTINDIA
2020-01-24,86.25,88.85,86.0,88.1,119.5,62.8,JTEKTINDIA
2020-01-23,85.4,89.55,85.4,86.8,119.5,62.8,JTEKTINDIA
2020-01-22,89.45,91.4,85.8,87.05,119.5,62.8,JTEKTINDIA
2020-01-21,90.2,91.5,88.8,89.3,119.5,62.8,JTEKTINDIA
2020-01-20,92.1,92.55,90.05,90.25,119.5,62.8,JTEKTINDIA
2020-01-17,92.9,94.5,91.75,92.1,119.5,62.8,JTEKTINDIA
2020-01-16,93.95,95.8,92.0,93.0,119.5,62.8,JTEKTINDIA
2020-01-15,92.7,94.5,90.05,93.95,119.5,62.8,JTEKTINDIA
2020-01-14,90.9,94.5,90.9,91.6,119.5,62.8,JTEKTINDIA
2020-01-13,90.5,92.5,89.25,91.3,119.5,62.8,JTEKTINDIA
2020-01-10,90.05,92.0,89.4,89.85,119.5,62.8,JTEKTINDIA
2020-01-09,91.2,92.4,89.25,90.15,119.5,62.8,JTEKTINDIA
2020-01-08,84.5,92.0,83.0,90.55,119.5,62.8,JTEKTINDIA
2020-01-07,85.9,87.85,85.0,85.45,119.5,62.8,JTEKTINDIA
2020-01-06,88.95,88.95,84.1,85.25,119.5,62.8,JTEKTINDIA
2020-01-03,92.45,92.45,89.1,89.4,119.5,62.8,JTEKTINDIA
2020-01-02,88.7,93.25,87.95,92.75,119.5,62.8,JTEKTINDIA
2020-01-01,87.9,89.95,87.45,88.05,119.5,62.8,JTEKTINDIA
2019-12-31,91.0,92.85,87.95,89.4,119.5,62.8,JTEKTINDIA
2019-12-30,87.3,93.8,87.3,90.4,119.5,62.8,JTEKTINDIA
2019-12-27,82.95,89.0,80.95,87.3,119.5,62.8,JTEKTINDIA
2019-12-26,79.8,84.0,79.8,82.95,119.5,62.8,JTEKTINDIA
2019-12-24,81.25,82.0,78.35,79.8,119.5,62.8,JTEKTINDIA
2019-12-23,83.8,84.4,80.25,81.85,119.5,62.8,JTEKTINDIA
2019-12-20,84.0,84.9,81.5,82.3,119.5,62.8,JTEKTINDIA
2019-12-19,79.55,83.4,78.75,82.45,119.5,62.8,JTEKTINDIA
2019-12-18,82.0,82.45,78.9,79.5,119.5,62.8,JTEKTINDIA
2019-12-17,78.9,82.4,78.9,81.7,119.5,62.8,JTEKTINDIA
2019-12-16,81.35,81.35,78.5,78.9,119.5,62.8,JTEKTINDIA
2019-12-13,79.1,81.75,79.1,81.35,119.5,62.8,JTEKTINDIA
2019-12-12,80.9,82.0,78.9,79.6,119.5,62.8,JTEKTINDIA
2019-12-11,81.3,82.45,77.55,78.65,119.5,62.8,JTEKTINDIA
2019-12-10,81.05,82.95,80.55,81.8,119.5,62.8,JTEKTINDIA
2019-12-09,82.15,84.85,80.15,83.0,119.5,62.8,JTEKTINDIA
2019-12-06,82.8,83.55,81.05,81.5,119.5,62.8,JTEKTINDIA
2019-12-05,86.4,86.75,82.05,82.45,119.5,62.8,JTEKTINDIA
2019-12-04,84.55,84.55,83.0,83.7,119.5,62.8,JTEKTINDIA
2019-12-03,84.0,84.45,83.15,83.85,119.5,62.8,JTEKTINDIA
2019-12-02,87.0,87.0,83.0,83.7,119.5,62.8,JTEKTINDIA
2019-11-29,87.05,88.0,84.75,85.05,119.5,62.8,JTEKTINDIA
2019-11-28,86.75,87.8,85.0,86.9,119.5,62.8,JTEKTINDIA
2019-11-27,89.0,89.7,87.0,87.9,119.5,62.8,JTEKTINDIA
2019-11-26,86.4,88.8,85.5,87.5,119.5,62.8,JTEKTINDIA
2019-11-25,86.8,86.8,84.0,85.6,119.5,62.8,JTEKTINDIA
2019-11-22,85.25,86.9,84.25,85.7,119.5,62.8,JTEKTINDIA
2019-11-21,86.0,86.95,84.75,85.05,119.5,62.8,JTEKTINDIA
2019-11-20,84.95,85.95,82.5,85.25,119.5,62.8,JTEKTINDIA
2019-11-19,87.55,88.0,84.1,84.7,119.5,62.8,JTEKTINDIA
2019-11-18,86.95,87.9,85.1,87.35,119.5,62.8,JTEKTINDIA
2019-11-15,86.8,89.0,84.3,85.1,119.5,62.8,JTEKTINDIA
2019-11-14,80.8,85.45,80.8,82.65,119.5,62.8,JTEKTINDIA
2019-11-13,86.7,86.7,81.55,82.3,119.5,62.8,JTEKTINDIA
2019-11-11,86.05,87.55,84.95,86.05,119.5,62.8,JTEKTINDIA
2019-11-08,89.4,89.4,85.5,86.25,121.75,62.8,JTEKTINDIA
2019-11-07,90.0,92.0,88.55,89.2,121.75,62.8,JTEKTINDIA
2019-11-06,90.6,92.75,90.0,90.25,121.75,62.8,JTEKTINDIA
2019-11-05,91.95,99.0,90.6,91.85,121.75,62.8,JTEKTINDIA
2019-11-04,92.0,93.4,91.1,91.25,121.75,62.8,JTEKTINDIA
2019-11-01,93.0,95.0,90.15,92.05,121.75,62.8,JTEKTINDIA
2019-10-31,91.15,93.25,91.1,92.15,121.75,62.8,JTEKTINDIA
2019-10-30,93.0,94.0,90.4,91.8,121.75,62.8,JTEKTINDIA
2019-10-29,91.75,93.25,88.65,92.35,121.75,62.8,JTEKTINDIA
2019-10-27,92.8,92.8,90.2,91.75,121.75,62.8,JTEKTINDIA
2019-10-25,92.9,95.3,91.25,92.3,121.75,62.8,JTEKTINDIA
2019-10-24,86.1,91.2,85.0,90.2,121.75,62.8,JTEKTINDIA
2019-10-23,83.55,86.75,83.0,84.95,121.75,62.8,JTEKTINDIA
2019-10-22,84.9,86.9,83.0,83.95,121.75,62.8,JTEKTINDIA
2019-10-18,79.7,86.3,79.4,84.75,124.7,62.8,JTEKTINDIA
2019-10-17,78.0,80.8,75.95,79.8,124.7,62.8,JTEKTINDIA
2019-10-16,78.9,79.45,77.45,78.45,124.7,62.8,JTEKTINDIA
2019-10-15,77.0,79.7,76.0,77.6,124.7,62.8,JTEKTINDIA
2019-10-14,77.0,79.05,76.2,77.55,124.7,62.8,JTEKTINDIA
2019-10-11,75.95,79.0,73.95,77.9,124.7,62.8,JTEKTINDIA
2019-10-10,77.0,78.4,72.25,74.8,124.7,62.8,JTEKTINDIA
2019-10-09,79.2,80.25,74.55,76.9,124.7,62.8,JTEKTINDIA
2019-10-07,81.75,81.75,76.25,77.4,124.7,62.8,JTEKTINDIA
2019-10-04,81.7,83.95,79.0,79.1,124.7,62.8,JTEKTINDIA
2019-10-03,82.65,84.0,81.0,81.3,124.7,62.8,JTEKTINDIA
2019-10-01,86.65,87.45,79.8,81.8,124.7,62.8,JTEKTINDIA
2019-09-30,86.1,87.4,84.95,85.75,124.7,62.8,JTEKTINDIA
2019-09-27,88.5,89.9,86.1,86.7,125.5,62.8,JTEKTINDIA
2019-09-26,87.35,89.8,86.55,88.75,125.5,62.8,JTEKTINDIA
2019-09-25,91.9,91.9,87.05,87.1,125.5,62.8,JTEKTINDIA
2019-09-24,90.95,95.6,89.25,90.8,125.5,62.8,JTEKTINDIA
2019-09-23,90.1,94.35,88.5,90.85,125.5,62.8,JTEKTINDIA
2019-09-20,81.8,92.3,81.8,90.1,138.45,62.8,JTEKTINDIA
2019-09-19,84.7,84.75,81.5,81.8,138.45,62.8,JTEKTINDIA
2019-09-18,84.65,86.25,82.85,84.55,138.45,62.8,JTEKTINDIA
2019-09-17,89.95,90.0,84.05,84.2,138.45,62.8,JTEKTINDIA
2019-09-16,85.0,89.55,84.2,88.75,138.45,62.8,JTEKTINDIA
2019-09-13,85.15,86.7,83.0,85.5,146.4,62.8,JTEKTINDIA
2019-09-12,86.0,89.5,84.5,85.0,146.4,62.8,JTEKTINDIA
2019-09-11,83.45,86.0,81.0,84.5,146.4,62.8,JTEKTINDIA
2019-09-09,75.2,84.4,75.2,82.3,146.4,62.8,JTEKTINDIA
2019-09-06,77.05,78.95,74.7,76.9,146.4,62.8,JTEKTINDIA
2019-09-05,77.5,77.55,75.0,76.6,146.4,62.8,JTEKTINDIA
2019-09-04,77.35,78.0,73.55,75.2,146.4,62.8,JTEKTINDIA
2019-09-03,79.65,79.65,77.1,77.55,146.4,62.8,JTEKTINDIA
2019-08-30,75.4,79.8,75.4,78.75,146.4,62.8,JTEKTINDIA
2019-08-29,77.25,78.5,75.0,76.2,146.4,62.8,JTEKTINDIA
2019-08-28,77.25,78.6,76.0,77.05,146.4,62.8,JTEKTINDIA
2019-08-27,77.7,78.8,74.6,77.25,146.4,62.8,JTEKTINDIA
2019-08-26,72.0,81.7,69.3,76.85,146.4,62.8,JTEKTINDIA
2019-08-23,68.75,69.9,66.55,68.1,146.4,62.8,JTEKTINDIA
2019-08-22,71.75,71.75,68.1,68.2,146.4,62.8,JTEKTINDIA
2019-08-21,76.45,76.75,71.5,71.9,146.4,62.8,JTEKTINDIA
2019-08-20,75.75,77.25,74.35,75.75,146.4,62.8,JTEKTINDIA
2019-08-19,74.0,75.95,72.45,75.1,146.4,62.8,JTEKTINDIA
2019-08-16,75.0,76.15,73.2,74.0,146.4,62.8,JTEKTINDIA
2019-08-14,71.15,77.95,69.1,75.75,146.4,62.8,JTEKTINDIA
2019-08-13,71.0,75.45,68.1,71.95,146.4,62.8,JTEKTINDIA
2019-08-09,72.2,77.25,70.5,75.65,146.4,62.8,JTEKTINDIA
2019-08-08,69.05,70.85,67.15,69.0,146.4,62.8,JTEKTINDIA
2019-08-07,71.9,72.0,69.1,69.85,146.4,62.8,JTEKTINDIA
2019-08-06,65.0,74.9,62.8,70.6,146.4,62.8,JTEKTINDIA
2019-08-05,67.1,68.0,64.95,66.45,146.4,64.95,JTEKTINDIA
2019-08-02,67.0,71.5,67.0,68.8,146.4,66.0,JTEKTINDIA
2019-08-01,71.3,72.7,69.0,71.55,146.4,66.0,JTEKTINDIA
2019-07-31,66.0,73.5,66.0,71.35,146.4,66.0,JTEKTINDIA
2019-07-30,73.55,74.6,67.75,68.4,146.4,67.75,JTEKTINDIA
2019-07-29,75.05,76.1,73.1,73.55,146.4,73.1,JTEKTINDIA
2019-07-26,79.25,82.0,74.55,76.8,146.4,74.55,JTEKTINDIA
2019-07-25,82.0,83.5,79.55,79.8,146.4,79.55,JTEKTINDIA
2019-07-24,83.0,84.0,82.1,82.85,146.4,82.1,JTEKTINDIA
2019-07-23,82.7,84.35,82.7,83.0,146.4,82.7,JTEKTINDIA
2019-07-22,87.0,87.85,82.7,83.05,146.4,82.7,JTEKTINDIA
2019-07-19,89.25,90.2,86.4,87.0,146.4,83.0,JTEKTINDIA
2019-07-18,90.25,91.0,89.7,89.9,146.4,83.0,JTEKTINDIA
2019-07-17,90.6,91.85,89.35,90.55,146.4,83.0,JTEKTINDIA
2019-07-16,91.0,92.15,88.55,91.2,146.4,83.0,JTEKTINDIA
2019-07-15,92.95,92.95,89.15,90.7,146.4,83.0,JTEKTINDIA
2019-07-12,88.05,92.5,87.75,92.0,146.4,83.0,JTEKTINDIA
2019-07-11,88.05,90.3,87.3,88.05,146.4,83.0,JTEKTINDIA
2019-07-10,91.0,92.85,88.0,88.95,146.4,83.0,JTEKTINDIA
2019-07-09,90.05,93.25,88.0,90.8,146.4,83.0,JTEKTINDIA
2019-07-08,93.95,93.95,90.0,90.55,146.4,83.0,JTEKTINDIA
2019-07-05,94.1,97.0,93.65,93.95,146.4,83.0,JTEKTINDIA
2019-07-04,95.0,96.75,94.5,94.85,146.4,83.0,JTEKTINDIA
2019-07-03,96.3,97.5,95.25,95.5,146.4,83.0,JTEKTINDIA
2019-07-02,94.6,98.8,94.6,96.7,146.4,83.0,JTEKTINDIA
2019-07-01,94.5,97.35,94.5,95.55,146.4,83.0,JTEKTINDIA
2019-06-28,95.8,97.2,94.6,95.0,146.4,83.0,JTEKTINDIA
2019-06-27,94.05,97.95,94.05,95.55,146.4,83.0,JTEKTINDIA
2019-06-26,95.0,98.0,94.0,94.6,146.4,83.0,JTEKTINDIA
2019-06-25,98.0,98.0,94.4,95.4,146.4,83.0,JTEKTINDIA
2019-06-24,95.5,97.45,95.0,95.7,146.4,83.0,JTEKTINDIA
2019-06-21,96.0,98.75,95.55,96.7,146.4,83.0,JTEKTINDIA
2019-06-20,101.5,102.95,93.1,97.35,146.4,83.0,JTEKTINDIA
2019-06-19,101.0,104.0,101.0,102.8,146.4,83.0,JTEKTINDIA
2019-06-18,101.0,103.9,100.95,103.0,146.4,83.0,JTEKTINDIA
2019-06-17,104.75,104.75,100.55,101.85,146.4,83.0,JTEKTINDIA
2019-06-14,103.25,104.7,102.05,103.25,146.4,83.0,JTEKTINDIA
2019-06-13,104.35,105.0,101.25,104.15,146.4,83.0,JTEKTINDIA
2019-06-12,106.05,106.05,103.0,103.75,146.4,83.0,JTEKTINDIA
2019-06-11,105.2,106.6,104.4,105.15,146.4,83.0,JTEKTINDIA
2019-06-10,107.0,108.7,104.75,105.3,146.4,83.0,JTEKTINDIA
2019-06-07,111.75,112.0,106.5,106.75,146.4,83.0,JTEKTINDIA
2019-06-06,112.1,112.95,108.8,109.55,146.4,83.0,JTEKTINDIA
2019-06-04,116.05,117.5,112.15,113.5,146.4,83.0,JTEKTINDIA
2019-06-03,106.0,115.0,106.0,113.8,146.4,83.0,JTEKTINDIA
2019-05-31,103.45,107.85,103.45,106.65,146.4,83.0,JTEKTINDIA
2019-05-30,105.6,106.25,102.1,102.75,146.4,83.0,JTEKTINDIA
2019-05-29,107.5,107.5,104.85,105.65,146.4,83.0,JTEKTINDIA
2019-05-28,109.85,110.4,107.2,107.65,146.4,83.0,JTEKTINDIA
2019-05-27,111.65,112.5,108.2,109.2,146.4,83.0,JTEKTINDIA
2019-05-24,108.0,112.95,107.95,112.2,146.4,83.0,JTEKTINDIA
2019-05-23,103.95,111.15,103.5,108.45,146.4,83.0,JTEKTINDIA
2019-05-22,101.7,104.4,99.9,103.2,146.4,83.0,JTEKTINDIA
2019-05-21,104.4,104.4,98.1,100.4,146.4,83.0,JTEKTINDIA
2019-05-20,98.7,103.9,97.0,102.5,146.4,83.0,JTEKTINDIA
2019-05-17,88.25,95.0,87.35,93.55,146.4,83.0,JTEKTINDIA
2019-05-16,87.85,90.9,86.4,87.75,146.4,83.0,JTEKTINDIA
2019-05-15,87.2,88.45,87.0,87.3,146.4,83.0,JTEKTINDIA
2019-05-14,86.15,90.1,86.0,87.15,146.4,83.0,JTEKTINDIA
2019-05-13,91.2,91.2,86.25,87.3,146.4,83.0,JTEKTINDIA
2019-05-10,92.1,92.15,89.7,89.9,146.4,83.0,JTEKTINDIA
2019-05-09,92.6,93.9,91.05,91.75,146.4,83.0,JTEKTINDIA
2019-05-08,94.0,98.0,92.1,93.15,146.4,83.0,JTEKTINDIA
2019-05-07,95.55,96.6,93.3,94.25,146.4,83.0,JTEKTINDIA
2019-05-06,96.55,97.5,94.0,94.85,146.4,83.0,JTEKTINDIA
2019-05-03,100.85,101.1,97.05,97.3,146.4,83.0,JTEKTINDIA
2019-05-02,100.0,101.95,97.95,100.35,146.4,83.0,JTEKTINDIA
2019-04-30,103.0,104.0,95.0,100.85,146.4,83.0,JTEKTINDIA
2019-04-26,105.45,105.45,101.8,103.0,146.4,83.0,JTEKTINDIA
2019-04-25,106.0,107.1,103.8,104.5,146.4,83.0,JTEKTINDIA
2019-04-24,107.85,107.85,105.75,105.95,146.4,83.0,JTEKTINDIA
2019-04-23,110.45,110.95,106.15,107.05,146.4,83.0,JTEKTINDIA
2019-04-22,111.55,112.85,108.0,109.45,146.4,83.0,JTEKTINDIA
2019-04-18,114.0,119.5,110.5,111.55,146.4,83.0,JTEKTINDIA
2019-04-16,112.75,112.75,108.6,109.2,146.4,83.0,JTEKTINDIA
2019-04-15,115.4,115.7,110.25,111.25,146.4,83.0,JTEKTINDIA
2019-04-12,108.7,115.5,108.1,113.7,146.4,83.0,JTEKTINDIA
2019-04-11,107.15,109.95,106.3,107.25,146.4,83.0,JTEKTINDIA
2019-04-10,109.95,109.95,108.0,108.2,146.4,83.0,JTEKTINDIA
2019-04-09,113.0,113.0,108.75,109.1,146.4,83.0,JTEKTINDIA
2019-04-08,108.5,113.5,108.0,112.7,146.4,83.0,JTEKTINDIA
2019-04-05,109.05,111.2,108.5,109.55,146.4,83.0,JTEKTINDIA
2019-04-04,109.5,110.95,108.1,109.55,146.4,83.0,JTEKTINDIA
2019-04-03,108.7,112.0,108.3,109.9,146.4,83.0,JTEKTINDIA
2019-04-02,110.0,111.45,107.65,108.85,146.4,83.0,JTEKTINDIA
2019-04-01,111.25,111.3,106.85,110.35,146.4,83.0,JTEKTINDIA
2019-03-29,112.25,112.25,108.5,109.7,146.4,83.0,JTEKTINDIA
2019-03-28,111.85,113.0,109.2,110.6,146.4,83.0,JTEKTINDIA
2019-03-27,111.25,112.2,108.9,111.05,146.4,83.0,JTEKTINDIA
2019-03-26,111.9,113.75,108.55,111.1,146.4,83.0,JTEKTINDIA
2019-03-25,106.35,111.9,104.5,110.25,146.4,83.0,JTEKTINDIA
2019-03-22,109.0,109.65,103.2,107.05,146.4,83.0,JTEKTINDIA
2019-03-20,114.25,114.25,108.05,108.75,146.4,83.0,JTEKTINDIA
2019-03-19,115.95,117.5,113.65,114.25,146.4,83.0,JTEKTINDIA
2019-03-18,111.4,115.9,110.0,115.15,146.4,83.0,JTEKTINDIA
2019-03-15,111.35,112.5,108.9,111.55,146.4,83.0,JTEKTINDIA
2019-03-14,112.2,114.0,109.0,110.05,146.4,83.0,JTEKTINDIA
2019-03-13,112.5,113.75,111.1,112.65,146.4,83.0,JTEKTINDIA
2019-03-12,110.65,114.65,108.3,112.85,146.4,83.0,JTEKTINDIA
2019-03-11,106.5,112.0,104.85,110.65,146.4,83.0,JTEKTINDIA
2019-03-08,104.9,107.0,103.5,106.6,146.4,83.0,JTEKTINDIA
2019-03-07,105.5,106.9,103.05,104.65,146.4,83.0,JTEKTINDIA
2019-03-06,103.7,109.35,103.5,105.9,146.4,83.0,JTEKTINDIA
2019-03-05,95.5,104.05,94.6,102.2,146.4,83.0,JTEKTINDIA
2019-03-01,93.85,95.7,93.5,94.1,146.4,83.0,JTEKTINDIA
2019-02-28,94.45,96.05,91.7,92.75,146.4,83.0,JTEKTINDIA
2019-02-27,93.05,96.25,93.05,93.45,146.4,83.0,JTEKTINDIA
2019-02-26,91.9,94.9,88.85,93.2,146.4,83.0,JTEKTINDIA
2019-02-25,93.45,93.85,92.0,92.7,146.4,83.0,JTEKTINDIA
2019-02-22,93.05,96.1,91.8,93.45,146.4,83.0,JTEKTINDIA
2019-02-21,88.0,94.3,87.6,93.55,146.4,83.0,JTEKTINDIA
2019-02-20,86.5,88.6,86.5,88.1,146.4,83.0,JTEKTINDIA
2019-02-19,83.6,87.9,83.35,87.3,146.4,83.0,JTEKTINDIA
2019-02-18,87.9,87.9,83.0,83.35,146.4,83.0,JTEKTINDIA
2019-02-15,87.95,88.15,86.2,86.8,146.4,86.2,JTEKTINDIA
2019-02-14,88.5,88.65,86.3,87.8,146.4,86.3,JTEKTINDIA
2019-02-13,89.55,90.0,86.5,89.0,146.4,86.5,JTEKTINDIA
2019-02-12,89.05,90.5,88.4,88.65,146.4,88.05,JTEKTINDIA
2019-02-11,90.0,91.8,88.05,88.9,146.4,88.05,JTEKTINDIA
2019-02-08,90.55,95.6,90.15,90.85,146.4,88.45,JTEKTINDIA
2019-02-07,91.1,92.4,89.2,91.0,146.4,88.45,JTEKTINDIA
2019-02-06,94.75,94.75,88.45,90.85,146.4,88.45,JTEKTINDIA
2019-02-05,97.45,98.5,92.0,93.15,146.4,89.55,JTEKTINDIA
2019-02-04,100.4,100.55,95.3,96.1,146.4,89.55,JTEKTINDIA
2019-02-01,97.65,102.0,96.15,99.6,146.4,89.55,JTEKTINDIA
2019-01-31,97.15,99.0,96.05,97.85,146.4,89.55,JTEKTINDIA
2019-01-30,97.15,97.5,96.0,96.7,146.4,89.55,JTEKTINDIA
2019-01-29,92.1,97.5,91.05,96.6,146.4,89.55,JTEKTINDIA
2019-01-28,96.05,96.4,90.45,93.0,146.4,89.55,JTEKTINDIA
2019-01-25,105.0,106.0,95.55,96.4,146.4,89.55,JTEKTINDIA
2019-01-24,103.1,106.5,103.1,105.15,146.4,89.55,JTEKTINDIA
2019-01-23,104.55,104.55,103.05,104.1,146.4,89.55,JTEKTINDIA
2019-01-22,104.4,104.55,103.75,104.0,146.4,89.55,JTEKTINDIA
2019-01-21,104.5,104.85,103.5,104.0,146.4,89.55,JTEKTINDIA
2019-01-18,103.6,104.95,102.75,104.55,146.4,89.55,JTEKTINDIA
2019-01-17,104.55,104.9,103.2,104.05,146.4,89.55,JTEKTINDIA
2019-01-16,102.95,105.25,102.45,104.0,146.4,89.55,JTEKTINDIA
2019-01-15,102.95,103.0,101.75,102.45,146.4,89.55,JTEKTINDIA
2019-01-14,102.15,103.8,101.5,102.3,146.4,89.55,JTEKTINDIA
