DATE,OPEN,HIGH,LOW,LTP,CLOSE,52W H,52W L,SYMBOL
2021-08-04,95.6,95.85,90.6,91.65,91.95,97.8,42.75,SHREDIGCEM
2021-08-03,95.95,96.9,94.5,94.6,94.9,97.8,42.75,SHREDIGCEM
2021-08-02,95.5,96.4,93.7,95.0,95.2,97.8,42.75,SHREDIGCEM
2021-07-30,95.8,96.85,94.75,95.0,95.0,97.8,42.75,SHREDIGCEM
2021-07-29,91.6,97.8,91.6,95.0,95.0,97.8,42.75,SHREDIGCEM
2021-07-28,93.7,93.7,88.5,90.8,90.95,97.45,42.75,SHREDIGCEM
2021-07-27,95.5,96.1,91.6,93.0,93.15,97.45,42.75,SHREDIGCEM
2021-07-26,92.6,97.2,91.15,95.5,95.5,97.45,42.75,SHREDIGCEM
2021-07-23,93.8,95.1,91.65,93.0,92.6,97.45,42.75,SHREDIGCEM
2021-07-22,95.25,96.8,94.0,94.9,94.65,97.45,42.75,SHREDIGCEM
2021-07-20,88.75,97.45,88.5,94.15,93.95,97.45,42.75,SHREDIGCEM
2021-07-19,86.0,89.9,86.0,87.7,87.75,93.85,42.75,SHREDIGCEM
2021-07-16,88.95,89.55,86.95,87.9,87.45,93.85,42.75,SHREDIGCEM
2021-07-15,88.6,89.35,87.95,88.25,88.25,93.85,42.75,SHREDIGCEM
2021-07-14,86.5,88.8,85.95,87.9,88.0,93.85,42.75,SHREDIGCEM
2021-07-13,86.45,87.4,86.0,86.35,86.25,93.85,42.75,SHREDIGCEM
2021-07-12,84.35,87.6,84.35,86.45,85.85,93.85,42.75,SHREDIGCEM
2021-07-09,86.1,86.7,84.0,84.45,84.3,93.85,42.75,SHREDIGCEM
2021-07-08,87.0,88.0,85.0,85.45,86.1,93.85,42.75,SHREDIGCEM
2021-07-07,87.4,88.35,86.5,87.1,86.9,93.85,42.75,SHREDIGCEM
2021-07-06,89.5,89.95,85.1,86.4,86.0,93.85,42.75,SHREDIGCEM
2021-07-05,82.1,89.65,82.1,88.9,87.0,93.85,42.75,SHREDIGCEM
2021-07-02,81.9,83.7,81.4,82.25,82.1,93.85,42.75,SHREDIGCEM
2021-07-01,82.2,82.6,81.15,81.35,81.25,93.85,42.75,SHREDIGCEM
2021-06-30,82.4,83.2,81.5,81.5,81.7,93.85,42.75,SHREDIGCEM
2021-06-29,83.05,83.5,81.0,82.0,81.95,93.85,42.75,SHREDIGCEM
2021-06-28,84.6,84.65,82.85,83.0,83.0,93.85,42.75,SHREDIGCEM
2021-06-25,83.7,86.5,82.3,84.0,84.0,93.85,42.75,SHREDIGCEM
2021-06-24,83.4,84.45,82.6,83.45,83.25,93.85,42.75,SHREDIGCEM
2021-06-23,83.55,86.0,82.1,82.65,82.8,93.85,42.75,SHREDIGCEM
2021-06-22,83.3,85.1,82.5,82.7,82.9,93.85,42.75,SHREDIGCEM
2021-06-21,82.0,83.0,80.0,82.7,82.65,93.85,42.75,SHREDIGCEM
2021-06-18,86.1,86.1,79.0,83.75,83.6,93.85,42.75,SHREDIGCEM
2021-06-17,84.0,87.55,84.0,85.35,85.45,93.85,42.75,SHREDIGCEM
2021-06-16,84.05,88.0,84.05,85.35,85.55,93.85,42.75,SHREDIGCEM
2021-06-15,83.1,85.1,83.0,83.8,83.85,93.85,42.75,SHREDIGCEM
2021-06-14,84.95,84.95,80.55,82.4,83.1,93.85,42.75,SHREDIGCEM
2021-06-11,85.65,86.4,83.75,84.75,84.5,93.85,42.75,SHREDIGCEM
2021-06-10,86.0,89.0,84.6,85.25,84.95,93.85,42.75,SHREDIGCEM
2021-06-09,90.4,93.85,86.1,87.75,87.6,93.85,42.75,SHREDIGCEM
2021-06-08,83.7,90.0,83.4,89.8,89.2,90.0,42.75,SHREDIGCEM
2021-06-07,81.0,84.5,81.0,84.0,83.1,84.5,42.75,SHREDIGCEM
2021-06-04,81.7,82.5,79.45,80.7,80.4,82.5,42.75,SHREDIGCEM
2021-06-03,81.1,82.25,80.0,81.2,81.15,82.25,42.75,SHREDIGCEM
2021-06-02,75.8,81.2,75.65,80.75,80.45,81.2,42.75,SHREDIGCEM
2021-06-01,76.5,77.4,75.0,76.1,75.75,80.65,42.75,SHREDIGCEM
2021-05-31,76.9,77.25,75.65,76.35,76.15,80.65,42.75,SHREDIGCEM
2021-05-28,78.0,78.2,76.05,76.7,76.3,80.65,42.75,SHREDIGCEM
2021-05-27,76.05,77.9,76.05,77.75,77.5,80.65,42.75,SHREDIGCEM
2021-05-26,75.85,77.9,75.5,76.45,75.85,80.65,42.75,SHREDIGCEM
2021-05-25,77.8,78.5,74.5,75.75,75.25,80.65,42.75,SHREDIGCEM
2021-05-24,78.1,79.5,76.5,76.9,76.95,80.65,42.75,SHREDIGCEM
2021-05-21,78.5,80.65,77.1,77.75,77.65,80.65,42.75,SHREDIGCEM
2021-05-20,76.65,78.8,75.65,78.15,77.75,79.9,42.75,SHREDIGCEM
2021-05-19,78.0,78.85,75.5,76.4,76.05,79.9,42.75,SHREDIGCEM
2021-05-18,77.85,79.9,77.75,78.3,78.0,79.9,42.75,SHREDIGCEM
2021-05-17,74.95,78.75,74.95,76.65,76.55,78.75,42.75,SHREDIGCEM
2021-05-14,71.25,74.9,71.25,73.35,74.0,74.9,42.75,SHREDIGCEM
2021-05-12,71.85,72.3,69.45,71.2,70.65,74.4,42.75,SHREDIGCEM
2021-05-11,70.0,73.25,69.45,71.7,71.5,74.4,42.75,SHREDIGCEM
2021-05-10,72.0,74.35,71.35,72.45,72.4,74.4,42.75,SHREDIGCEM
2021-05-07,69.9,72.0,68.95,70.65,70.6,74.4,42.75,SHREDIGCEM
2021-05-06,69.5,70.4,68.5,69.3,69.6,74.4,42.75,SHREDIGCEM
2021-05-05,70.0,70.5,67.85,68.4,68.25,74.4,42.75,SHREDIGCEM
2021-05-04,71.8,72.4,68.4,69.8,69.15,74.4,42.75,SHREDIGCEM
2021-05-03,70.0,71.45,69.05,70.8,70.8,74.4,42.75,SHREDIGCEM
2021-04-30,69.0,71.45,68.35,70.7,70.35,74.4,42.75,SHREDIGCEM
2021-04-29,72.35,72.35,69.3,70.0,70.05,74.4,42.75,SHREDIGCEM
2021-04-28,72.4,74.4,71.0,71.15,71.65,74.4,42.75,SHREDIGCEM
2021-04-27,72.05,72.8,70.2,71.7,71.75,72.9,42.75,SHREDIGCEM
2021-04-26,67.5,71.9,67.5,71.4,71.35,72.9,42.75,SHREDIGCEM
2021-04-23,67.8,68.65,66.5,66.65,66.9,72.9,42.75,SHREDIGCEM
2021-04-22,64.7,67.9,63.25,66.6,66.8,72.9,42.75,SHREDIGCEM
2021-04-20,65.9,67.3,64.0,64.05,64.3,72.9,42.75,SHREDIGCEM
2021-04-19,61.2,63.55,60.7,63.0,63.05,72.9,42.75,SHREDIGCEM
2021-04-16,63.6,65.7,63.25,63.3,63.9,72.9,42.75,SHREDIGCEM
2021-04-15,63.55,65.75,63.05,64.1,64.3,72.9,42.75,SHREDIGCEM
2021-04-13,65.0,66.05,63.35,65.4,65.3,72.9,42.75,SHREDIGCEM
2021-04-12,69.0,69.2,63.55,64.0,64.0,72.9,42.75,SHREDIGCEM
2021-04-09,68.4,72.9,68.35,70.5,70.05,72.9,42.75,SHREDIGCEM
2021-04-08,65.75,68.5,65.75,68.4,67.85,71.6,42.75,SHREDIGCEM
2021-04-07,64.5,66.3,64.5,65.6,65.55,71.6,42.75,SHREDIGCEM
2021-04-06,62.35,65.0,62.35,65.0,63.95,71.6,42.75,SHREDIGCEM
2021-04-05,64.0,65.2,61.5,62.75,62.55,71.6,42.75,SHREDIGCEM
2021-04-01,61.4,64.6,61.4,63.2,63.25,71.6,42.75,SHREDIGCEM
2021-03-31,63.1,63.65,61.3,61.9,61.8,71.6,42.75,SHREDIGCEM
2021-03-30,61.3,63.25,60.5,62.2,62.75,71.6,42.75,SHREDIGCEM
2021-03-26,61.5,62.45,59.1,60.2,60.25,71.6,42.75,SHREDIGCEM
2021-03-25,62.65,62.9,60.0,60.4,60.35,71.6,42.75,SHREDIGCEM
2021-03-24,64.25,65.0,62.5,62.95,62.55,71.6,42.75,SHREDIGCEM
2021-03-23,64.45,65.3,63.35,64.5,64.65,71.6,42.75,SHREDIGCEM
2021-03-22,63.1,66.6,61.65,64.8,64.5,71.6,42.75,SHREDIGCEM
2021-03-19,61.0,63.05,58.9,62.9,62.6,71.6,42.75,SHREDIGCEM
2021-03-18,64.3,65.55,61.2,62.7,62.7,71.6,42.75,SHREDIGCEM
2021-03-17,67.4,67.75,63.55,64.15,63.85,71.6,42.75,SHREDIGCEM
2021-03-16,69.0,70.0,66.3,66.3,67.05,71.6,42.75,SHREDIGCEM
2021-03-15,64.5,69.9,63.0,69.0,68.75,71.6,42.75,SHREDIGCEM
2021-03-12,65.0,66.05,63.0,64.0,64.05,71.6,42.75,SHREDIGCEM
2021-03-10,63.25,64.35,62.6,63.9,63.7,71.6,42.75,SHREDIGCEM
2021-03-09,65.05,66.75,62.0,62.6,62.7,71.6,42.75,SHREDIGCEM
2021-03-08,66.9,67.45,64.1,64.4,64.4,71.6,42.75,SHREDIGCEM
2021-03-05,67.5,71.6,65.4,66.2,66.35,71.6,42.75,SHREDIGCEM
2021-03-04,62.8,70.0,62.1,67.7,68.05,70.0,42.75,SHREDIGCEM
2021-03-03,62.5,65.35,62.5,63.75,63.6,66.9,42.75,SHREDIGCEM
2021-03-02,60.5,62.5,60.5,62.05,61.95,66.9,42.75,SHREDIGCEM
2021-03-01,59.0,60.4,58.1,59.25,59.35,66.9,42.75,SHREDIGCEM
2021-02-26,56.7,58.8,56.45,58.2,58.3,66.9,42.75,SHREDIGCEM
2021-02-25,56.75,58.7,55.75,57.6,57.45,66.9,42.75,SHREDIGCEM
2021-02-24,55.75,56.95,55.75,55.9,56.05,66.9,42.75,SHREDIGCEM
2021-02-23,56.45,56.65,55.35,55.7,55.75,66.9,42.75,SHREDIGCEM
2021-02-22,56.5,56.7,55.05,55.85,56.0,66.9,42.75,SHREDIGCEM
2021-02-19,57.55,58.0,55.5,56.45,56.5,66.9,42.75,SHREDIGCEM
2021-02-18,57.35,58.0,57.2,57.6,57.55,66.9,42.75,SHREDIGCEM
2021-02-17,57.0,57.4,56.5,56.95,56.9,66.9,42.75,SHREDIGCEM
2021-02-16,57.1,57.9,56.7,56.9,57.0,66.9,42.75,SHREDIGCEM
2021-02-15,57.7,58.4,56.8,57.15,56.95,66.9,42.75,SHREDIGCEM
2021-02-12,58.1,59.4,57.25,57.95,57.7,66.9,42.75,SHREDIGCEM
2021-02-11,57.25,58.4,57.25,57.75,57.8,66.9,42.75,SHREDIGCEM
2021-02-10,58.2,58.95,57.4,57.95,57.65,66.9,42.75,SHREDIGCEM
2021-02-09,59.05,59.45,57.7,57.85,57.8,66.9,42.75,SHREDIGCEM
2021-02-08,58.65,59.9,58.5,58.8,58.75,66.9,42.75,SHREDIGCEM
2021-02-05,60.6,60.8,58.65,59.15,58.95,66.9,42.75,SHREDIGCEM
2021-02-04,60.0,61.0,59.8,60.25,60.15,66.9,42.75,SHREDIGCEM
2021-02-03,60.6,61.2,60.0,60.0,60.3,66.9,42.75,SHREDIGCEM
2021-02-02,60.05,61.2,59.7,60.0,60.25,66.9,42.75,SHREDIGCEM
2021-02-01,57.4,59.9,56.5,58.9,59.2,66.9,42.75,SHREDIGCEM
2021-01-29,59.85,61.3,56.7,57.6,57.75,66.9,42.75,SHREDIGCEM
2021-01-28,58.15,60.55,48.95,59.7,59.4,66.9,42.75,SHREDIGCEM
2021-01-27,60.7,62.55,58.5,58.6,58.9,66.9,42.75,SHREDIGCEM
2021-01-25,62.95,63.7,60.6,61.1,61.15,66.9,42.75,SHREDIGCEM
2021-01-22,61.2,64.0,61.15,62.3,62.15,66.9,42.75,SHREDIGCEM
2021-01-21,60.1,63.7,59.8,61.5,61.25,66.9,42.75,SHREDIGCEM
2021-01-20,60.95,61.5,59.25,59.8,59.7,66.9,42.75,SHREDIGCEM
2021-01-19,59.0,62.0,59.0,60.85,60.95,66.9,42.75,SHREDIGCEM
2021-01-18,60.7,60.7,58.1,58.6,58.55,66.9,42.75,SHREDIGCEM
2021-01-15,59.65,61.2,59.25,60.15,60.25,66.9,42.75,SHREDIGCEM
2021-01-14,59.9,60.7,59.15,59.45,59.3,66.9,42.75,SHREDIGCEM
2021-01-13,61.15,61.2,59.5,60.1,59.9,66.9,42.75,SHREDIGCEM
2021-01-12,59.85,61.25,59.65,60.5,60.35,66.9,42.75,SHREDIGCEM
2021-01-11,61.55,62.3,59.55,60.0,59.85,66.9,42.75,SHREDIGCEM
2021-01-08,62.0,62.75,61.3,61.75,61.5,66.9,42.75,SHREDIGCEM
2021-01-07,62.35,63.4,61.2,62.0,61.55,66.9,42.75,SHREDIGCEM
2021-01-06,62.5,63.1,60.5,62.0,61.8,66.9,42.75,SHREDIGCEM
2021-01-05,62.5,64.65,62.15,62.4,62.55,66.9,42.75,SHREDIGCEM
2021-01-04,62.1,62.6,60.6,60.95,60.9,66.9,42.75,SHREDIGCEM
2021-01-01,61.5,62.55,61.35,61.4,61.55,66.9,42.75,SHREDIGCEM
2020-12-31,63.5,63.65,61.05,61.5,61.4,66.9,42.75,SHREDIGCEM
2020-12-30,60.7,63.85,59.3,62.6,62.95,66.9,42.75,SHREDIGCEM
2020-12-29,62.5,63.7,59.95,60.7,60.4,66.9,42.75,SHREDIGCEM
2020-12-28,57.8,62.5,57.5,61.7,61.9,66.9,42.75,SHREDIGCEM
2020-12-24,60.4,60.55,57.3,57.9,57.5,66.9,42.75,SHREDIGCEM
2020-12-23,54.5,60.2,54.05,60.0,59.95,66.9,42.75,SHREDIGCEM
2020-12-22,55.0,55.5,50.5,55.05,54.95,66.9,42.75,SHREDIGCEM
2020-12-21,57.0,57.3,54.7,55.35,55.1,66.9,42.75,SHREDIGCEM
2020-12-18,58.05,58.5,56.8,57.4,57.35,66.9,42.75,SHREDIGCEM
2020-12-17,58.1,59.4,57.8,58.05,58.05,66.9,42.75,SHREDIGCEM
2020-12-16,57.75,59.5,57.7,58.0,58.0,66.9,42.75,SHREDIGCEM
2020-12-15,58.2,58.55,56.25,57.75,57.65,66.9,42.75,SHREDIGCEM
2020-12-14,59.1,60.0,57.6,57.95,57.95,66.9,42.75,SHREDIGCEM
2020-12-11,59.2,60.0,58.5,59.1,58.95,66.9,42.75,SHREDIGCEM
2020-12-10,59.85,59.85,58.6,59.3,59.05,66.9,42.75,SHREDIGCEM
2020-12-09,60.9,61.5,59.95,60.35,60.2,66.9,42.75,SHREDIGCEM
2020-12-08,61.1,61.95,60.05,60.5,60.3,66.9,42.75,SHREDIGCEM
2020-12-07,61.1,62.15,59.5,60.2,60.6,66.9,42.75,SHREDIGCEM
2020-12-04,61.6,62.35,60.0,61.05,61.15,66.9,42.75,SHREDIGCEM
2020-12-03,62.4,62.4,61.15,61.5,61.45,66.9,42.75,SHREDIGCEM
2020-12-02,61.7,63.35,61.05,62.3,61.95,66.9,42.75,SHREDIGCEM
2020-12-01,60.45,62.5,60.4,61.5,61.3,66.9,42.75,SHREDIGCEM
2020-11-27,60.9,61.7,59.6,60.0,59.9,66.9,42.75,SHREDIGCEM
2020-11-26,58.5,61.35,57.9,60.75,60.55,66.9,42.75,SHREDIGCEM
2020-11-25,59.0,59.2,57.8,58.25,58.1,66.9,42.75,SHREDIGCEM
2020-11-24,58.3,59.7,58.2,58.5,58.65,66.9,42.75,SHREDIGCEM
2020-11-23,58.8,60.75,57.4,58.15,58.2,66.9,42.75,SHREDIGCEM
2020-11-20,58.7,59.45,58.25,58.75,58.5,66.9,42.75,SHREDIGCEM
2020-11-19,58.85,60.5,58.25,59.15,59.0,66.9,42.75,SHREDIGCEM
2020-11-18,61.0,61.35,59.0,59.25,59.15,66.9,42.75,SHREDIGCEM
2020-11-17,61.9,62.0,60.3,60.85,60.8,66.9,42.75,SHREDIGCEM
2020-11-14,62.1,62.4,60.45,61.8,61.35,66.9,42.75,SHREDIGCEM
2020-11-13,59.1,62.25,58.35,61.75,61.65,66.9,42.75,SHREDIGCEM
2020-11-12,56.2,59.45,56.0,59.2,59.0,66.9,42.75,SHREDIGCEM
2020-11-11,56.4,57.4,53.5,56.25,55.95,66.9,42.75,SHREDIGCEM
2020-11-10,63.75,63.75,55.6,56.4,56.35,66.9,42.75,SHREDIGCEM
2020-11-09,65.35,65.95,63.0,63.45,63.35,66.9,42.75,SHREDIGCEM
2020-11-06,63.6,66.3,63.35,64.95,64.75,66.9,42.75,SHREDIGCEM
2020-11-05,64.0,64.15,62.7,63.2,63.3,66.9,42.75,SHREDIGCEM
2020-11-04,63.0,64.5,62.15,62.8,62.95,66.9,42.75,SHREDIGCEM
2020-11-03,61.9,63.4,60.9,62.5,62.65,66.9,42.75,SHREDIGCEM
2020-11-02,64.0,65.8,61.2,61.9,61.8,66.9,42.75,SHREDIGCEM
2020-10-30,61.5,66.6,61.05,63.9,64.0,66.9,42.75,SHREDIGCEM
2020-10-29,61.05,63.0,59.4,62.2,61.7,66.9,42.75,SHREDIGCEM
2020-10-28,65.45,65.65,61.7,62.6,62.5,66.9,42.75,SHREDIGCEM
2020-10-27,65.5,66.9,64.35,65.0,65.1,66.9,42.75,SHREDIGCEM
2020-10-26,60.0,65.35,60.0,63.85,63.75,65.35,42.75,SHREDIGCEM
2020-10-23,55.45,62.5,55.3,59.4,59.35,62.5,42.75,SHREDIGCEM
2020-10-22,55.0,55.95,53.55,54.65,54.9,60.2,42.75,SHREDIGCEM
2020-10-21,53.3,54.9,51.95,54.65,54.5,60.2,42.75,SHREDIGCEM
2020-10-20,53.4,54.9,52.7,53.2,53.35,60.2,42.75,SHREDIGCEM
2020-10-19,52.35,53.8,51.3,53.0,53.05,60.2,42.75,SHREDIGCEM
2020-10-16,51.05,52.4,50.15,52.1,51.9,60.2,42.75,SHREDIGCEM
2020-10-15,52.55,53.2,49.1,50.0,49.9,60.2,42.75,SHREDIGCEM
2020-10-14,52.75,53.3,51.65,52.15,52.05,60.2,42.75,SHREDIGCEM
2020-10-13,52.5,55.2,52.1,53.0,52.8,60.2,42.75,SHREDIGCEM
2020-10-12,54.5,54.5,51.55,52.4,52.25,60.2,42.75,SHREDIGCEM
2020-10-09,53.9,56.0,53.55,54.2,54.05,60.2,42.75,SHREDIGCEM
2020-10-08,55.2,56.15,53.2,53.7,53.75,60.2,42.75,SHREDIGCEM
2020-10-07,51.95,55.75,50.55,54.6,54.65,60.2,42.75,SHREDIGCEM
2020-10-06,52.85,53.5,51.15,51.6,51.6,60.2,42.75,SHREDIGCEM
2020-10-05,51.95,53.0,51.05,52.55,52.3,60.2,42.75,SHREDIGCEM
2020-10-01,52.6,53.1,50.7,51.55,51.45,60.2,42.75,SHREDIGCEM
2020-09-30,52.0,53.8,51.5,51.9,52.4,60.2,42.75,SHREDIGCEM
2020-09-29,49.4,51.9,48.5,51.55,51.05,60.2,42.75,SHREDIGCEM
2020-09-28,47.7,50.2,47.45,49.5,49.4,60.2,42.75,SHREDIGCEM
2020-09-25,47.25,48.45,46.1,46.95,47.2,60.2,42.75,SHREDIGCEM
2020-09-24,46.9,47.0,45.5,46.75,45.85,60.2,42.75,SHREDIGCEM
2020-09-23,49.25,49.7,46.15,47.2,47.2,60.2,42.75,SHREDIGCEM
2020-09-22,46.5,49.3,46.05,48.4,47.85,60.2,42.75,SHREDIGCEM
2020-09-21,49.5,50.9,46.55,46.7,47.2,60.2,42.75,SHREDIGCEM
2020-09-18,51.5,51.9,49.4,50.0,50.05,60.2,42.75,SHREDIGCEM
2020-09-17,51.75,52.9,51.05,51.45,51.45,60.2,42.75,SHREDIGCEM
2020-09-16,49.35,53.95,48.55,52.3,52.35,60.2,42.75,SHREDIGCEM
2020-09-15,47.25,49.75,46.8,49.2,49.05,60.2,42.75,SHREDIGCEM
2020-09-14,46.25,47.85,46.25,46.75,46.65,60.2,42.75,SHREDIGCEM
2020-09-11,46.35,47.5,45.5,45.85,45.9,60.2,42.75,SHREDIGCEM
2020-09-10,45.55,46.85,45.0,46.7,46.1,60.2,42.75,SHREDIGCEM
2020-09-09,46.0,46.95,42.75,46.55,45.95,60.2,42.75,SHREDIGCEM
2020-09-08,46.35,47.7,46.0,46.15,46.15,60.2,45.0,SHREDIGCEM
2020-09-07,47.0,48.0,46.1,47.05,46.95,60.2,45.0,SHREDIGCEM
2020-09-04,47.5,49.0,46.0,46.8,46.95,60.2,45.0,SHREDIGCEM
2020-09-03,49.9,49.9,48.05,48.3,48.15,60.2,45.0,SHREDIGCEM
2020-09-02,47.85,48.25,46.5,47.9,47.8,60.2,44.0,SHREDIGCEM
2020-09-01,48.0,48.9,46.0,47.0,46.95,60.2,44.0,SHREDIGCEM
2020-08-31,50.55,50.55,45.5,48.65,47.3,60.2,44.0,SHREDIGCEM
2020-08-28,50.95,51.35,49.5,50.2,50.1,60.2,42.2,SHREDIGCEM
2020-08-27,51.85,52.05,50.3,50.35,50.45,60.2,39.25,SHREDIGCEM
2020-08-26,52.45,52.65,51.15,51.55,51.45,60.2,39.25,SHREDIGCEM
2020-08-25,53.1,53.75,51.0,52.2,52.2,60.2,39.25,SHREDIGCEM
2020-08-24,50.45,53.3,50.4,53.0,52.75,60.2,36.8,SHREDIGCEM
2020-08-21,50.4,50.8,50.0,50.0,50.0,60.2,36.2,SHREDIGCEM
2020-08-20,50.5,51.9,49.1,49.75,49.65,60.2,36.1,SHREDIGCEM
2020-08-19,51.75,52.15,50.75,50.9,51.05,60.2,36.1,SHREDIGCEM
2020-08-18,52.7,53.35,51.5,51.5,51.75,60.2,36.1,SHREDIGCEM
2020-08-17,49.5,53.0,49.5,52.4,52.5,60.2,35.5,SHREDIGCEM
2020-08-14,48.3,49.8,47.8,49.7,49.5,60.2,34.3,SHREDIGCEM
2020-08-13,49.25,49.3,47.8,48.3,48.2,60.2,34.3,SHREDIGCEM
2020-08-12,47.55,49.0,47.0,48.8,48.55,60.2,34.3,SHREDIGCEM
2020-08-11,47.9,48.55,47.5,47.55,47.75,60.2,34.3,SHREDIGCEM
2020-08-10,47.15,48.7,45.0,47.65,47.6,60.2,34.3,SHREDIGCEM
2020-08-07,48.75,49.25,47.0,47.85,47.55,60.2,34.3,SHREDIGCEM
2020-08-06,49.7,50.15,48.25,48.8,48.65,60.2,34.3,SHREDIGCEM
2020-08-05,49.35,50.65,48.1,49.85,49.7,60.2,34.3,SHREDIGCEM
2020-08-04,49.7,49.85,48.0,49.2,48.8,60.2,34.3,SHREDIGCEM
2020-08-03,47.7,50.0,47.45,49.6,49.2,60.2,33.1,SHREDIGCEM
2020-07-31,49.9,50.7,45.1,47.6,47.45,60.2,33.1,SHREDIGCEM
2020-07-30,58.5,59.8,47.1,47.8,48.55,60.2,32.6,SHREDIGCEM
2020-07-29,56.5,59.85,56.4,58.15,58.1,60.2,32.05,SHREDIGCEM
2020-07-28,56.6,57.45,55.0,56.6,56.25,60.2,27.45,SHREDIGCEM
2020-07-27,56.0,59.4,56.0,56.9,56.9,60.2,26.7,SHREDIGCEM
2020-07-24,56.95,56.95,54.6,55.45,55.4,60.2,26.05,SHREDIGCEM
2020-07-23,57.75,58.7,55.5,57.05,56.75,60.2,25.25,SHREDIGCEM
2020-07-22,56.25,60.2,54.8,57.3,57.2,60.2,22.7,SHREDIGCEM
2020-07-21,51.45,56.65,51.45,55.8,55.95,59.15,22.05,SHREDIGCEM
2020-07-20,51.45,52.7,50.5,51.5,51.4,59.15,22.0,SHREDIGCEM
2020-07-17,51.25,52.2,50.05,51.35,51.05,59.15,22.0,SHREDIGCEM
2020-07-16,50.5,51.3,49.5,51.0,50.5,59.15,22.0,SHREDIGCEM
2020-07-15,50.45,52.85,49.8,50.3,50.85,59.15,22.0,SHREDIGCEM
2020-07-14,51.6,52.75,48.5,50.15,49.95,59.15,22.0,SHREDIGCEM
2020-07-13,53.6,54.45,51.0,52.25,51.7,59.15,22.0,SHREDIGCEM
2020-07-10,53.25,56.15,52.05,52.75,53.1,59.15,22.0,SHREDIGCEM
2020-07-09,49.25,54.8,47.2,53.4,53.25,59.15,22.0,SHREDIGCEM
2020-07-08,51.7,51.85,48.35,49.05,48.85,59.15,22.0,SHREDIGCEM
2020-07-07,51.35,53.0,51.1,51.45,51.4,59.15,22.0,SHREDIGCEM
2020-07-06,53.1,53.9,51.05,52.25,52.3,59.15,22.0,SHREDIGCEM
2020-07-03,52.6,54.2,51.1,52.7,52.75,59.15,22.0,SHREDIGCEM
2020-07-02,52.85,54.75,52.0,52.35,52.2,59.15,22.0,SHREDIGCEM
2020-07-01,52.45,54.7,51.0,52.6,52.4,59.15,22.0,SHREDIGCEM
2020-06-30,57.2,58.9,53.0,53.85,54.05,59.15,22.0,SHREDIGCEM
2020-06-29,54.05,59.15,53.5,57.0,56.95,59.15,22.0,SHREDIGCEM
2020-06-26,48.8,54.0,48.5,53.3,53.45,54.0,22.0,SHREDIGCEM
2020-06-25,47.0,49.4,46.7,48.8,48.1,51.9,22.0,SHREDIGCEM
2020-06-24,50.0,51.0,47.5,48.55,48.15,51.9,22.0,SHREDIGCEM
2020-06-23,45.3,50.7,45.0,49.05,49.15,51.9,21.3,SHREDIGCEM
2020-06-22,46.5,46.8,44.0,45.25,44.95,51.9,21.3,SHREDIGCEM
2020-06-19,47.9,48.5,45.55,46.6,46.6,51.9,21.2,SHREDIGCEM
2020-06-18,48.0,51.9,47.05,47.25,47.5,51.9,19.05,SHREDIGCEM
2020-06-17,42.9,49.0,42.2,48.1,48.4,49.0,19.05,SHREDIGCEM
2020-06-16,46.8,46.9,39.25,42.2,42.45,46.9,19.05,SHREDIGCEM
2020-06-15,44.25,46.9,43.5,45.2,44.95,46.9,19.05,SHREDIGCEM
2020-06-12,40.4,46.75,39.25,43.65,43.65,46.75,18.4,SHREDIGCEM
2020-06-11,37.05,42.85,36.8,41.6,41.2,42.85,18.4,SHREDIGCEM
2020-06-10,37.1,37.1,36.2,36.85,36.8,40.45,18.4,SHREDIGCEM
2020-06-09,36.9,37.5,36.1,36.4,36.3,40.45,18.4,SHREDIGCEM
2020-06-08,36.95,38.0,36.8,36.9,37.0,40.45,18.4,SHREDIGCEM
2020-06-05,36.6,38.0,36.1,36.4,36.55,40.45,18.4,SHREDIGCEM
2020-06-04,36.85,37.1,35.5,36.05,35.9,40.45,18.4,SHREDIGCEM
2020-06-03,35.5,37.45,34.3,36.7,36.35,40.45,18.4,SHREDIGCEM
2020-06-02,36.0,36.7,34.6,35.25,35.05,40.45,18.4,SHREDIGCEM
2020-06-01,37.9,38.85,35.9,36.1,36.1,40.45,18.4,SHREDIGCEM
2020-05-29,36.2,37.75,36.2,37.35,37.4,40.45,18.4,SHREDIGCEM
2020-05-28,37.1,38.4,36.55,36.7,36.8,40.45,18.4,SHREDIGCEM
2020-05-27,39.25,39.4,37.1,37.55,37.45,40.45,18.4,SHREDIGCEM
2020-05-26,39.4,40.4,38.5,39.2,39.2,40.45,18.4,SHREDIGCEM
2020-05-22,38.4,39.75,36.2,39.25,39.4,40.45,18.4,SHREDIGCEM
2020-05-21,38.4,40.45,37.7,38.45,38.55,40.45,18.4,SHREDIGCEM
2020-05-20,33.75,37.2,33.1,37.2,37.2,37.4,18.4,SHREDIGCEM
2020-05-19,35.5,36.65,33.55,34.1,33.85,37.4,18.4,SHREDIGCEM
2020-05-18,36.15,37.4,32.6,35.4,35.3,37.4,18.4,SHREDIGCEM
2020-05-15,34.4,35.5,32.05,35.5,35.5,35.5,18.4,SHREDIGCEM
2020-05-14,27.75,32.9,27.45,32.9,32.3,33.9,18.4,SHREDIGCEM
2020-05-13,27.6,27.9,26.7,27.75,27.45,33.9,18.4,SHREDIGCEM
2020-05-12,26.25,27.5,26.05,27.0,26.95,33.9,18.4,SHREDIGCEM
2020-05-11,25.25,27.55,25.25,26.85,26.9,33.9,18.4,SHREDIGCEM
2020-05-08,22.75,25.4,22.7,25.0,24.8,33.9,18.4,SHREDIGCEM
2020-05-07,22.7,22.8,22.05,22.5,22.55,33.9,18.4,SHREDIGCEM
2020-05-06,22.2,23.3,22.0,22.45,22.4,33.9,18.4,SHREDIGCEM
2020-05-05,23.4,23.8,22.1,22.5,22.45,33.9,18.4,SHREDIGCEM
2020-05-04,22.65,24.1,22.15,23.0,23.4,33.9,18.4,SHREDIGCEM
2020-04-30,23.45,24.2,22.9,23.15,23.25,33.9,18.4,SHREDIGCEM
2020-04-29,22.85,23.55,22.65,22.95,22.95,33.9,18.4,SHREDIGCEM
2020-04-28,23.3,23.3,22.45,22.95,22.85,33.9,18.4,SHREDIGCEM
2020-04-27,23.1,23.2,22.25,22.9,22.75,33.9,18.4,SHREDIGCEM
2020-04-24,23.25,23.5,22.05,22.4,22.35,33.9,18.4,SHREDIGCEM
2020-04-23,23.65,24.25,23.25,23.3,23.4,33.9,18.4,SHREDIGCEM
2020-04-22,23.7,24.0,22.25,23.05,23.25,33.9,18.4,SHREDIGCEM
2020-04-21,24.25,24.5,23.4,23.6,23.6,33.9,18.4,SHREDIGCEM
2020-04-20,25.35,25.75,24.8,25.05,25.2,33.9,18.4,SHREDIGCEM
2020-04-17,25.7,25.9,24.55,25.3,25.45,33.9,18.4,SHREDIGCEM
2020-04-16,24.3,25.5,24.2,25.25,25.25,33.9,18.4,SHREDIGCEM
2020-04-15,24.85,26.15,24.15,24.45,24.55,33.9,18.4,SHREDIGCEM
2020-04-13,24.5,26.25,22.85,24.5,24.8,33.9,18.4,SHREDIGCEM
2020-04-09,23.0,24.15,22.7,23.5,23.55,33.9,18.4,SHREDIGCEM
2020-04-08,23.6,23.9,22.55,22.9,22.75,33.9,18.4,SHREDIGCEM
2020-04-07,23.25,23.85,22.5,23.8,23.65,33.9,18.4,SHREDIGCEM
2020-04-03,22.05,22.5,21.3,22.2,22.15,33.9,18.4,SHREDIGCEM
2020-04-01,24.8,24.8,22.15,22.5,22.65,33.9,18.4,SHREDIGCEM
2020-03-31,21.5,24.55,21.2,24.55,23.75,33.9,18.4,SHREDIGCEM
2020-03-30,20.5,21.65,19.05,21.1,21.25,33.9,18.4,SHREDIGCEM
2020-03-27,22.4,23.45,19.65,20.5,20.7,33.9,18.4,SHREDIGCEM
2020-03-26,23.95,24.0,21.0,22.0,21.9,33.9,18.4,SHREDIGCEM
2020-03-25,20.0,22.9,19.95,22.5,22.45,33.9,18.4,SHREDIGCEM
2020-03-24,21.95,23.75,18.4,20.65,20.95,33.9,18.4,SHREDIGCEM
2020-03-23,20.7,23.6,20.7,22.05,21.95,33.9,20.7,SHREDIGCEM
2020-03-20,24.8,26.0,24.15,24.6,24.6,33.9,22.25,SHREDIGCEM
2020-03-19,24.65,25.95,22.95,24.75,24.75,33.9,22.25,SHREDIGCEM
2020-03-18,27.45,27.45,25.0,25.5,25.05,33.9,22.25,SHREDIGCEM
2020-03-17,27.3,28.5,26.2,26.2,26.45,33.9,22.25,SHREDIGCEM
2020-03-16,27.4,29.0,26.15,27.6,27.6,33.9,22.25,SHREDIGCEM
2020-03-13,26.0,29.5,22.25,28.4,27.7,33.9,22.25,SHREDIGCEM
2020-03-12,28.65,28.9,27.0,28.0,27.5,33.9,25.0,SHREDIGCEM
2020-03-11,30.75,31.55,30.1,30.3,30.35,33.9,24.05,SHREDIGCEM
2020-03-09,30.3,31.65,30.0,30.95,30.8,33.9,23.6,SHREDIGCEM
2020-03-06,29.65,31.9,28.3,31.3,31.5,33.9,23.6,SHREDIGCEM
2020-03-05,31.9,31.95,30.8,30.95,31.05,33.9,23.6,SHREDIGCEM
2020-03-04,31.65,32.0,29.8,31.45,31.3,33.9,23.25,SHREDIGCEM
2020-03-03,30.15,31.7,30.05,31.1,31.2,33.9,22.55,SHREDIGCEM
2020-03-02,30.75,31.7,29.6,30.0,29.95,33.9,22.55,SHREDIGCEM
2020-02-28,30.4,30.7,29.3,30.0,30.05,33.9,22.55,SHREDIGCEM
2020-02-27,31.35,31.9,30.25,31.4,31.5,33.9,22.55,SHREDIGCEM
2020-02-26,31.45,32.45,30.75,31.15,31.1,33.9,22.55,SHREDIGCEM
2020-02-25,32.3,32.75,30.75,31.85,31.25,33.9,22.55,SHREDIGCEM
2020-02-24,30.4,33.9,29.6,32.0,31.6,33.9,22.55,SHREDIGCEM
2020-02-20,27.5,30.5,27.45,30.05,30.0,31.35,22.55,SHREDIGCEM
2020-02-19,26.55,27.8,26.55,27.45,27.5,31.35,22.55,SHREDIGCEM
2020-02-18,26.65,26.95,25.8,26.25,26.4,31.35,22.55,SHREDIGCEM
2020-02-17,27.75,27.9,26.5,26.5,26.75,31.35,22.55,SHREDIGCEM
2020-02-14,26.55,28.7,26.3,27.5,27.75,31.35,22.2,SHREDIGCEM
2020-02-13,27.3,28.0,26.75,26.75,26.85,31.35,22.2,SHREDIGCEM
2020-02-12,28.95,29.1,27.5,27.95,27.75,31.35,22.2,SHREDIGCEM
2020-02-11,29.3,29.6,28.7,28.8,28.9,31.35,22.2,SHREDIGCEM
2020-02-10,29.5,30.15,28.5,29.1,28.95,31.35,22.2,SHREDIGCEM
2020-02-07,28.75,29.85,28.75,28.85,29.1,31.35,22.2,SHREDIGCEM
2020-02-06,28.85,28.95,27.95,28.6,28.75,31.35,22.2,SHREDIGCEM
2020-02-05,26.75,27.75,26.45,27.7,27.5,31.35,22.2,SHREDIGCEM
2020-02-04,26.8,27.45,26.3,26.4,26.55,31.35,22.2,SHREDIGCEM
2020-02-03,27.5,27.5,25.5,26.3,26.1,31.35,22.2,SHREDIGCEM
2020-02-01,28.0,28.0,26.05,26.85,26.7,31.35,22.2,SHREDIGCEM
2020-01-31,29.0,29.0,27.4,27.8,27.65,31.35,22.2,SHREDIGCEM
2020-01-30,29.7,29.75,28.15,28.4,28.6,31.35,22.2,SHREDIGCEM
2020-01-29,29.5,30.5,29.0,29.5,29.35,31.35,22.0,SHREDIGCEM
2020-01-28,29.4,31.35,28.5,29.2,29.0,31.35,20.6,SHREDIGCEM
2020-01-27,28.65,31.0,28.55,29.4,29.2,31.0,20.3,SHREDIGCEM
2020-01-24,29.2,29.3,28.25,28.7,28.85,29.85,20.3,SHREDIGCEM
2020-01-23,29.2,29.4,28.4,28.7,28.7,29.85,20.3,SHREDIGCEM
2020-01-22,27.6,28.9,27.4,28.6,28.35,29.85,20.3,SHREDIGCEM
2020-01-21,27.55,27.9,27.25,27.6,27.6,29.85,20.3,SHREDIGCEM
2020-01-20,28.5,28.5,27.75,27.75,27.85,29.85,20.3,SHREDIGCEM
2020-01-17,28.0,28.3,27.65,27.8,27.85,29.85,20.15,SHREDIGCEM
2020-01-16,28.35,28.6,27.4,27.4,27.8,29.85,20.15,SHREDIGCEM
2020-01-15,28.3,29.0,27.4,28.1,27.95,29.85,20.15,SHREDIGCEM
2020-01-14,29.5,29.85,27.75,28.3,28.2,29.85,20.15,SHREDIGCEM
2020-01-13,27.0,29.3,26.9,28.95,28.95,29.3,20.15,SHREDIGCEM
2020-01-10,26.4,27.5,25.95,26.6,26.85,28.2,20.0,SHREDIGCEM
2020-01-09,26.4,27.0,26.0,26.3,26.35,28.2,18.0,SHREDIGCEM
2020-01-08,26.45,27.7,25.5,26.45,26.4,28.2,16.25,SHREDIGCEM
2020-01-07,25.25,27.2,25.25,26.45,26.55,28.2,16.25,SHREDIGCEM
2020-01-06,26.4,26.4,25.0,25.2,25.1,28.2,16.25,SHREDIGCEM
2020-01-03,27.35,27.35,26.0,26.2,26.1,28.2,16.25,SHREDIGCEM
2020-01-02,25.75,27.8,25.4,26.6,26.75,28.2,16.25,SHREDIGCEM
2020-01-01,26.65,26.85,25.6,26.0,25.8,28.2,16.15,SHREDIGCEM
2019-12-31,27.2,27.5,26.25,26.85,26.7,28.2,16.0,SHREDIGCEM
2019-12-30,27.0,28.2,26.25,27.0,27.2,28.2,14.55,SHREDIGCEM
2019-12-27,24.35,26.65,24.05,26.65,26.6,27.05,14.55,SHREDIGCEM
2019-12-26,24.0,24.45,23.6,24.05,24.25,27.05,14.55,SHREDIGCEM
2019-12-24,24.4,24.5,23.7,23.9,24.0,27.05,14.55,SHREDIGCEM
2019-12-23,24.5,24.9,23.9,24.15,24.2,27.05,14.55,SHREDIGCEM
2019-12-20,23.9,24.4,23.25,24.4,24.2,27.05,14.55,SHREDIGCEM
2019-12-19,23.0,23.75,22.55,23.7,23.5,27.05,14.55,SHREDIGCEM
2019-12-18,23.65,23.9,22.9,23.0,22.95,27.05,14.55,SHREDIGCEM
2019-12-17,23.5,23.95,23.15,23.4,23.65,27.05,14.55,SHREDIGCEM
2019-12-16,24.65,24.8,23.5,23.6,23.6,27.05,14.55,SHREDIGCEM
